final all	Tobramycin_S-vs-R	Ceftazidim_S-vs-R	Ciprofloxacin_S-vs-R	Meropenem_S-vs-R	Colistin_S-vs-R
CF592_Iso2	0.0	1.0	0.0		0
CF609_Iso3		1.0	0.0	1.0	0
CH2500	0.0	0.0	1.0	0.0	0
CH2502	0.0			1.0	0
CH2522	0.0	1.0			1
CH2527	0.0	0.0	0.0	0.0	0
CH2543	1.0	0.0	1.0	1.0	0
CH2560	1.0	1.0	1.0	0.0	0
CH2582	0.0	0.0	1.0		0
CH2591	1.0	1.0	1.0	1.0	0
CH2597	0.0			0.0	0
CH2598	0.0	0.0	0.0	1.0	0
CH2608	1.0	1.0	1.0	1.0	1
CH2623	1.0		1.0	1.0	1
CH2639	1.0	1.0	1.0	1.0	0
CH2657	1.0	0.0	1.0	1.0	0
CH2658	0.0		1.0	1.0	0
CH2660	0.0	1.0	0.0	1.0	0
CH2665	1.0	1.0	1.0	1.0	0
CH2672	0.0	0.0	1.0	1.0	0
CH2674	1.0		1.0	1.0	0
CH2675	1.0		1.0	1.0	0
CH2677	0.0	0.0	1.0	1.0	0
CH2678	0.0	0.0	1.0	0.0	1
CH2680	0.0		0.0	0.0	0
CH2682	0.0		0.0	1.0	0
CH2685	0.0	0.0	0.0	1.0	0
CH2687	0.0	0.0	1.0	1.0	0
CH2690	0.0	0.0	0.0	0.0	0
CH2698	1.0	0.0	1.0	1.0	0
CH2699	1.0		1.0	1.0	1
CH2705	1.0	1.0	1.0	1.0	1
CH2706	1.0	1.0	1.0	1.0	0
CH2707	1.0	1.0	0.0	1.0	0
CH2713	0.0	0.0	0.0	1.0	0
CH2718	0.0	0.0	0.0		1
CH2724	0.0	0.0	0.0	1.0	0
CH2730	0.0	0.0	0.0		0
CH2734	0.0		1.0	0.0	0
CH2735	0.0	0.0	1.0	1.0	0
CH2747	0.0	0.0	0.0	1.0	0
CH2748	1.0		1.0	1.0	0
CH2756	0.0	0.0	0.0	0.0	1
CH2764	0.0	1.0	0.0	0.0	0
CH2824	0.0	0.0	0.0	1.0	0
CH2829	0.0	0.0	0.0	0.0	0
CH2848	0.0		0.0	0.0	0
CH2860	0.0	1.0	1.0	1.0	0
CH2875	1.0	0.0		1.0	0
CH2922	0.0	0.0	0.0	0.0	0
CH2939	0.0	0.0	0.0	0.0	0
CH3173	1.0	1.0	1.0	0.0	0
CH3177	0.0	0.0	0.0	1.0	0
CH3290	1.0		1.0	1.0	1
CH3325	0.0	1.0	0.0	1.0	0
CH3462	0.0	0.0	0.0	1.0	0
CH3466	0.0		1.0	1.0	1
CH3484	0.0	0.0		1.0	0
CH3549	0.0	0.0	0.0		0
CH3570	1.0	1.0	1.0	0.0	1
CH3613	1.0	1.0	1.0	1.0	0
CH3648	1.0	1.0	1.0	0.0	1
CH3797	0.0		1.0	1.0	1
CH3882	0.0	0.0	1.0		0
CH3906	0.0	0.0	0.0	0.0	0
CH4035	1.0	1.0	1.0		1
CH4083	0.0		0.0	1.0	0
CH4411	1.0	1.0	1.0	0.0	0
CH4418	0.0		0.0	0.0	0
CH4433	1.0	1.0	1.0	0.0	0
CH4438	0.0	1.0	1.0		0
CH4443	1.0	1.0	1.0	0.0	0
CH4446	0.0	0.0			0
CH4489	0.0	0.0	0.0	1.0	0
CH4509	0.0	0.0	0.0	0.0	1
CH4520	0.0		0.0	0.0	1
CH4528	0.0	0.0	1.0		0
CH4548	1.0	1.0	1.0	0.0	1
CH4549	0.0	0.0	0.0		0
CH4560	1.0	1.0	1.0	1.0	0
CH4584		1.0	1.0	1.0	0
CH4591	0.0	0.0			0
CH4602	0.0	0.0	0.0	0.0	0
CH4634	0.0	0.0	1.0	1.0	0
CH4681	0.0	1.0	0.0	0.0	0
CH4684	0.0		0.0	0.0	0
CH4703	0.0	1.0		1.0	0
CH4704	0.0	1.0	0.0	1.0	0
CH4733	0.0	0.0	0.0	0.0	0
CH4745	1.0	1.0	1.0	1.0	0
CH4755	0.0	0.0	1.0	1.0	0
CH4757	0.0	1.0	0.0	1.0	0
CH4766	0.0	1.0		1.0	0
CH4780	0.0	1.0	1.0	1.0	1
CH4785	0.0		1.0	1.0	0
CH4840	0.0	1.0	0.0	1.0	0
CH4860	0.0	0.0	1.0	1.0	0
CH4862	1.0	0.0	1.0	1.0	0
CH4877	1.0	1.0	1.0	1.0	0
CH4878	0.0	1.0	0.0		0
CH4891	0.0	0.0	0.0	0.0	0
CH4914	0.0	0.0	0.0	0.0	1
CH4916	0.0	1.0	0.0	1.0	0
CH4990	0.0		0.0	1.0	0
CH4992	0.0	0.0	1.0		0
CH5022	1.0		1.0	1.0	0
CH5052	1.0	0.0	1.0		0
CH5066	0.0	1.0	0.0	0.0	0
CH5159	1.0	1.0	1.0	0.0	0
CH5174	1.0	1.0	1.0	1.0	0
CH5182	0.0	1.0		1.0	0
CH5193	1.0	1.0	1.0	0.0	0
CH5206	0.0	1.0	0.0	0.0	0
CH5262	0.0	0.0	0.0	0.0	0
CH5267	0.0		0.0	1.0	0
CH5291	0.0	1.0	0.0	1.0	0
CH5334	0.0	0.0	1.0	1.0	0
CH5353	0.0		0.0	1.0	0
CH5356	1.0	0.0	1.0	0.0	0
CH5362	0.0	0.0			0
CH5363	0.0	1.0	0.0	1.0	1
CH5387	0.0		0.0	1.0	0
CH5432		0.0	1.0	1.0	0
CH5462	0.0	1.0	0.0	1.0	0
CH5464	1.0	0.0	1.0	1.0	0
CH5478	0.0		0.0	1.0	0
CH5528	0.0		1.0		0
CH5531	0.0	1.0			1
CH5548	0.0			1.0	1
CH5550	0.0	0.0	1.0	1.0	1
CH5551	1.0		1.0	1.0	1
CH5591	1.0	1.0	1.0	1.0	1
CH5596	0.0	0.0	0.0	1.0	0
CH5597	0.0		0.0	1.0	0
CH5621	0.0	1.0	1.0	0.0	0
CH5638	0.0		1.0	1.0	0
CH5666	1.0	1.0	1.0	1.0	0
CH5688	1.0		1.0	1.0	0
CH5695	1.0	1.0	1.0	1.0	0
ESP002	0.0	1.0	0.0	0.0	0
ESP003	0.0	0.0	0.0	0.0	0
ESP004	1.0	0.0	0.0	0.0	0
ESP006	1.0	0.0	0.0	0.0	0
ESP009	0.0	0.0		0.0	0
ESP011	0.0	0.0	0.0	0.0	0
ESP012	1.0	1.0	0.0	0.0	0
ESP013	1.0	0.0	0.0	0.0	0
ESP015	0.0	0.0	0.0	0.0	0
ESP020	0.0	0.0	0.0	0.0	0
ESP021	0.0	0.0	0.0	0.0	0
ESP022	0.0	0.0	0.0	0.0	0
ESP023	0.0	1.0		1.0	0
ESP024	0.0	0.0	0.0	0.0	0
ESP025	1.0	1.0	0.0	1.0	0
ESP027	0.0	1.0	0.0	0.0	0
ESP028	0.0	0.0	0.0	0.0	1
ESP029	0.0	0.0	0.0	0.0	0
ESP031	0.0	0.0	0.0	0.0	0
ESP032	0.0	0.0	0.0	0.0	0
ESP033	0.0	0.0	0.0	0.0	0
ESP034	0.0	0.0	0.0	0.0	0
ESP035	0.0	0.0	0.0	0.0	0
ESP036	0.0	0.0	0.0	0.0	0
ESP037	0.0	0.0	0.0	0.0	0
ESP038	0.0	0.0		0.0	0
ESP039	0.0	0.0	1.0	0.0	0
ESP040		0.0	1.0	0.0	1
ESP043	1.0		1.0	0.0	0
ESP044	0.0	0.0	0.0		0
ESP046	0.0	0.0	0.0	0.0	0
ESP047	1.0		1.0		0
ESP050	0.0	0.0	1.0	0.0	0
ESP053	1.0	0.0	1.0	1.0	0
ESP055	0.0	0.0	0.0	1.0	0
ESP057	0.0	0.0			0
ESP058	0.0		0.0	0.0	1
ESP059	0.0		1.0	1.0	0
ESP060	1.0		0.0	1.0	0
ESP061	1.0		1.0	1.0	0
ESP063	1.0		1.0	1.0	0
ESP064	1.0	1.0	1.0	1.0	0
ESP066	0.0	0.0	1.0		0
ESP067	0.0	0.0	0.0	1.0	0
ESP068	1.0	1.0	1.0	1.0	0
ESP069	1.0	1.0	1.0	1.0	1
ESP070	0.0	1.0	1.0	1.0	0
ESP071		0.0	1.0		0
ESP072	0.0	1.0	0.0	1.0	0
ESP073	0.0	1.0	1.0	1.0	0
ESP074	1.0	1.0	1.0	1.0	0
ESP075	0.0		1.0		0
ESP076	0.0	1.0	0.0		0
ESP077	1.0	1.0	0.0	1.0	0
ESP078	1.0	1.0	1.0	1.0	0
ESP079	1.0		1.0	1.0	0
ESP081	0.0			1.0	0
ESP082	1.0		1.0	1.0	0
ESP083	1.0		1.0	1.0	0
ESP084	1.0		1.0	1.0	0
ESP088	1.0	1.0	1.0	1.0	0
ESP091	0.0	0.0	1.0	1.0	0
F1659	0.0	0.0	1.0		0
F1688	0.0	1.0	1.0	1.0	0
F1689	0.0	1.0	1.0	1.0	0
F1697	1.0	1.0	1.0	1.0	0
F1706	0.0	1.0		1.0	0
F1712	1.0	1.0	1.0	1.0	0
F1724	1.0	1.0	1.0	1.0	0
F1727	0.0	1.0	0.0	1.0	0
F1741	1.0	1.0	1.0	1.0	0
F1745	1.0	1.0	1.0	1.0	0
F1746	1.0	1.0	1.0	1.0	0
F1747	1.0	1.0	1.0	1.0	0
F1748	0.0	1.0	1.0	1.0	0
F1752	1.0	1.0	1.0	1.0	0
F1754	1.0	1.0	1.0	1.0	0
F1757	0.0	1.0	1.0	1.0	0
F1758	0.0	1.0	0.0	0.0	0
F1759	0.0		1.0	1.0	0
F1760	1.0	1.0	1.0	1.0	0
F1763	1.0	1.0	1.0	0.0	0
F1764	0.0	1.0		1.0	1
F1775	0.0	1.0	1.0	1.0	0
F1787	1.0	1.0	1.0	1.0	0
F1789	1.0	1.0	1.0	1.0	1
F1795	1.0	1.0	1.0	1.0	0
F1796	1.0		1.0	1.0	0
F1798	1.0		1.0	1.0	0
F1800	0.0		0.0		0
F1801	0.0	1.0	1.0	1.0	0
F1810	1.0	1.0	1.0	1.0	0
F1812	1.0	0.0	1.0		1
F1821	1.0	1.0	1.0	1.0	1
F1823	0.0			1.0	0
F1853	1.0	1.0	1.0	1.0	0
F1862	0.0	1.0			0
F1864	1.0	1.0	1.0	1.0	0
F1869	1.0	1.0	1.0	1.0	0
F1880	0.0	0.0		1.0	1
F1883	0.0		1.0	1.0	1
F1894	0.0	1.0		1.0	0
F1957	0.0		1.0	1.0	0
F1968	0.0	1.0	1.0		1
F1979	1.0	1.0	1.0	1.0	1
F1983	1.0	1.0	1.0	1.0	1
F1997	0.0	1.0	1.0	1.0	0
F2000	1.0	1.0	1.0	1.0	1
F2003	0.0	1.0	1.0	1.0	0
F2005	0.0	1.0	1.0	1.0	0
F2006	0.0	1.0	1.0		1
F2010	0.0	1.0	1.0	1.0	1
F2017	0.0	0.0	1.0	1.0	1
F2020	0.0	1.0	1.0	1.0	0
F2029	0.0		0.0	1.0	0
F2030	1.0	0.0	1.0		1
F2034	0.0	0.0	1.0		1
F2035	0.0	0.0		1.0	1
F2040	1.0	1.0	1.0	1.0	1
F2044	0.0	0.0		1.0	1
F2045	1.0	1.0	1.0	1.0	1
F2054	1.0	1.0	1.0	1.0	1
F2055	1.0	1.0	1.0	1.0	1
F2056	1.0		1.0	1.0	1
F2059	1.0		1.0	1.0	1
F2064	1.0	1.0	1.0	1.0	1
F2065	0.0			1.0	1
F2073	1.0	1.0	1.0	1.0	1
F2075	0.0	1.0	1.0		1
F2081	0.0			1.0	1
F2084	0.0		0.0		1
F2093	0.0	0.0		1.0	1
F2097	1.0	1.0	1.0	1.0	1
F2098	1.0	1.0	1.0	0.0	0
F2119		1.0	1.0	1.0	1
F2128	0.0			1.0	1
F2137	0.0	1.0	1.0	1.0	1
F2148	0.0	1.0	1.0	1.0	0
F2165	0.0	1.0	1.0	1.0	1
F2166	0.0	1.0	1.0	1.0	0
F2167	1.0	1.0	1.0	1.0	1
F2172	0.0			1.0	1
F2176	1.0	0.0	1.0		1
F2199	1.0	1.0	1.0	1.0	0
F2205	0.0		0.0		1
F2208	1.0		1.0	1.0	1
F2230	0.0	1.0	1.0	1.0	1
F2234	0.0	1.0	1.0	1.0	0
F2235	1.0	1.0	1.0	1.0	0
F2236	0.0	1.0	0.0		1
F2240	1.0	1.0	1.0	1.0	0
M70563004	0.0	1.0	0.0	1.0	0
M70564993	0.0			1.0	0
M70565254	0.0	1.0	0.0	1.0	1
M70565897	0.0	1.0		1.0	0
M70604538	0.0		1.0	1.0	1
M70608424	0.0		1.0	1.0	1
M70635118	1.0		1.0	1.0	0
M70638412	1.0	1.0	1.0	1.0	0
M70639645	0.0		0.0	1.0	0
M70640096	0.0	0.0	0.0	1.0	0
M70641593	0.0	0.0	0.0		0
M70646050	0.0	0.0		0.0	0
M70646077	0.0	0.0	0.0	0.0	1
M70647319	0.0	1.0	0.0	0.0	0
M70649365	0.0	0.0	1.0	1.0	1
M70652746	0.0	1.0	0.0		0
M70656672	0.0	0.0	0.0		0
M70663247	0.0	0.0	0.0	1.0	0
MHH0147	0.0	0.0	0.0		0
MHH0426	0.0	0.0		0.0	0
MHH0927	0.0	0.0	0.0	0.0	1
MHH0985		1.0		1.0	0
MHH14911	0.0		0.0		1
MHH14929	0.0	0.0		1.0	0
MHH14990	0.0		0.0	0.0	0
MHH15015	0.0	0.0	0.0	0.0	0
MHH15083	1.0	1.0	1.0		0
MHH15103	0.0	1.0		1.0	0
MHH15151	0.0	0.0	0.0	1.0	0
MHH15187	0.0		0.0	0.0	0
MHH15204	0.0	0.0		1.0	0
MHH1525	1.0	1.0	1.0		0
MHH15275	1.0	0.0	1.0	0.0	0
MHH15280	0.0	0.0	0.0		0
MHH15817	0.0	1.0		0.0	0
MHH16050	0.0	1.0	0.0	1.0	0
MHH16208	0.0			1.0	0
MHH16371	0.0		1.0	0.0	0
MHH16379	0.0	0.0	0.0	1.0	0
MHH16427	0.0			1.0	0
MHH16459	0.0	1.0	0.0	1.0	0
MHH16513	0.0	0.0	1.0	1.0	0
MHH16530	0.0	1.0	0.0	1.0	0
MHH16563	0.0		0.0		0
MHH16610	0.0	0.0	1.0	1.0	0
MHH16727	0.0		0.0		0
MHH16798	0.0	0.0	1.0	1.0	0
MHH16951		1.0	1.0	1.0	0
MHH17233	1.0	1.0	1.0	1.0	0
MHH17247	0.0	0.0	0.0	1.0	0
MHH17441	1.0	1.0	1.0	1.0	0
MHH17501	0.0	1.0		1.0	0
MHH17546	1.0	1.0	1.0	1.0	0
MHH17767	1.0	1.0	0.0	1.0	0
MHH17783	0.0	1.0	0.0	1.0	0
MHH1883	0.0		0.0	0.0	0
MHH2419	0.0	0.0	0.0	0.0	0
MS1	0.0	0.0	0.0	0.0	0
MS2	0.0	1.0	0.0	0.0	0
MS5	0.0	0.0	0.0	0.0	0
PSAE1401	0.0	0.0	0.0		1
PSAE1438	0.0	0.0	1.0	1.0	1
PSAE1439	0.0	0.0	1.0	1.0	1
PSAE1630	0.0	0.0			0
PSAE1635	0.0	0.0			0
PSAE1641	0.0	0.0	1.0	1.0	0
PSAE1642	0.0	0.0	0.0	0.0	0
PSAE1645	0.0	0.0		1.0	0
PSAE1647	0.0	0.0			0
PSAE1649	0.0	0.0	0.0	0.0	0
PSAE1651	0.0	0.0			0
PSAE1654	0.0	0.0			0
PSAE1656	0.0	0.0	0.0	0.0	0
PSAE1742	0.0	0.0	1.0	1.0	0
PSAE1745	1.0	0.0	1.0		0
PSAE1837	0.0	0.0	0.0	0.0	0
PSAE1872	0.0	0.0	0.0	1.0	0
PSAE1903	0.0	0.0	1.0	0.0	0
PSAE1912	0.0	0.0		1.0	0
PSAE1934	0.0	0.0	0.0	1.0	0
PSAE1970	0.0	0.0			0
PSAE1975	0.0	0.0	0.0	1.0	0
PSAE1984	0.0	0.0	0.0		1
PSAE2125	0.0		0.0	1.0	0
PSAE2126	0.0		0.0	1.0	0
PSAE2127	1.0		1.0	1.0	0
PSAE2139	1.0	1.0	1.0	1.0	0
PSAE2325	0.0	0.0	0.0	1.0	0
Vb20477	1.0	1.0	1.0	1.0	0
Vb3320	0.0	1.0		1.0	0
ZG02420619	0.0	0.0		1.0	0
ZG02488718	0.0	0.0	0.0	1.0	0
ZG02512057	0.0	0.0	0.0	1.0	0
ZG205565	0.0	0.0		0.0	0
ZG205694	0.0	0.0	0.0	0.0	0
ZG205710	0.0	0.0		0.0	0
ZG205864	1.0	1.0	1.0		0
ZG301975	0.0		0.0	1.0	0
ZG302359	0.0	0.0	0.0	0.0	0
ZG302367	0.0	0.0	0.0	0.0	1
ZG302368	0.0	0.0	0.0	0.0	0
ZG302370	0.0	0.0	1.0	0.0	0
ZG302383	0.0	0.0	0.0	0.0	0
ZG302431	0.0	0.0	0.0	0.0	1
ZG302432	0.0	0.0	0.0	0.0	0
ZG302442	0.0	0.0	0.0	0.0	0
ZG302451	0.0	0.0	0.0	0.0	0
ZG314696	0.0	0.0	0.0	0.0	0
ZG314738	0.0	0.0	0.0	0.0	0
ZG314777	0.0	0.0	0.0		0
ZG316694	0.0	0.0	0.0	0.0	0
ZG316704	0.0	0.0	0.0	0.0	0
ZG316716	0.0	0.0	0.0	0.0	0
ZG316722	0.0	0.0	0.0	0.0	0
ZG322541	1.0	1.0	1.0	1.0	1
ZG5003493	0.0	0.0		1.0	0
ZG5021922	1.0	1.0	1.0	1.0	0
ZG5048010	1.0	1.0	1.0	1.0	0
ZG5051896	1.0	1.0	1.0	1.0	0
ZG5089456	1.0	1.0	1.0	1.0	0
ZG8006959	1.0	1.0	1.0	1.0	0
ZG8038581181	1.0	1.0	1.0	1.0	0
ZG8510487	1.0	1.0	1.0	1.0	0
ZG8525123	1.0	1.0	1.0	1.0	0
