drug	pos_recall	pos_recall_std	neg_recall	neg_recall_std	precision	precision_std	npv	npv_std	balanced_accuracy	balanced_accuracy_std	F1-score_micro	F1-score_micro_std	F1-score_macro	F1-score_macro_std	AUC	cv_mode	mode
Colistin	0.606	0.23	0.851	0.136	0.524	0.176	0.888	0.054	0.728	0.103	0.562	0.178	0.715	0.1	0.823	block_cv	expr
Meropenem	0.826	0.109	0.843	0.17	0.92	0.081	0.688	0.118	0.834	0.1	0.87	0.085	0.814	0.09	0.877	block_cv	expr
Tobramycin	0.647	0.39	0.852	0.175	0.667	0.361	0.841	0.21	0.75	0.129	0.657	0.306	0.752	0.112	0.823	block_cv	expr
Ciprofloxacin	0.679	0.266	0.859	0.123	0.857	0.213	0.683	0.155	0.769	0.156	0.758	0.229	0.76	0.164	0.798	block_cv	expr
Ceftazidim	0.782	0.21	0.815	0.24	0.806	0.129	0.791	0.233	0.798	0.126	0.794	0.147	0.798	0.129	0.862	block_cv	expr
Colistin	0.606	0.354	0.713	0.27	0.364	0.303	0.869	0.094	0.659	0.161	0.455	0.269	0.619	0.163	0.716	block_cv	expr_snps
Meropenem	0.759	0.14	0.82	0.21	0.902	0.102	0.608	0.173	0.79	0.129	0.825	0.099	0.762	0.12	0.883	block_cv	expr_snps
Tobramycin	0.608	0.408	0.901	0.31	0.738	0.413	0.834	0.318	0.755	0.181	0.667	0.358	0.767	0.209	0.803	block_cv	expr_snps
Ciprofloxacin	0.918	0.094	0.836	0.087	0.874	0.127	0.892	0.072	0.877	0.079	0.896	0.105	0.879	0.086	0.915	block_cv	expr_snps
Ceftazidim	0.647	0.225	0.852	0.116	0.811	0.176	0.71	0.203	0.749	0.11	0.72	0.174	0.747	0.128	0.84	block_cv	expr_snps
Colistin	0.549	0.222	0.835	0.075	0.476	0.06	0.872	0.054	0.692	0.081	0.51	0.103	0.682	0.052	0.79	standard_cv	expr_snps
Meropenem	0.872	0.095	0.888	0.148	0.944	0.07	0.76	0.148	0.88	0.097	0.907	0.071	0.863	0.095	0.914	standard_cv	expr_snps
Tobramycin	0.833	0.135	0.937	0.052	0.859	0.092	0.925	0.053	0.885	0.065	0.846	0.081	0.888	0.057	0.929	standard_cv	expr_snps
Ciprofloxacin	0.912	0.074	0.844	0.106	0.879	0.079	0.885	0.093	0.878	0.085	0.895	0.073	0.88	0.084	0.931	standard_cv	expr_snps
Ceftazidim	0.789	0.141	0.793	0.095	0.789	0.095	0.793	0.099	0.791	0.086	0.789	0.106	0.791	0.089	0.842	standard_cv	expr_snps
Colistin	0.606	0.213	0.881	0.086	0.581	0.255	0.891	0.055	0.743	0.128	0.593	0.208	0.74	0.133	0.861	standard_cv	expr
Meropenem	0.851	0.097	0.831	0.119	0.917	0.055	0.718	0.128	0.841	0.071	0.883	0.061	0.827	0.074	0.889	standard_cv	expr
Tobramycin	0.863	0.135	0.906	0.061	0.807	0.105	0.935	0.059	0.884	0.075	0.834	0.097	0.877	0.07	0.938	standard_cv	expr
Ciprofloxacin	0.78	0.084	0.773	0.126	0.81	0.086	0.739	0.085	0.777	0.083	0.795	0.073	0.775	0.084	0.841	standard_cv	expr
Ceftazidim	0.82	0.114	0.793	0.109	0.796	0.089	0.817	0.088	0.806	0.077	0.807	0.084	0.806	0.078	0.872	standard_cv	expr
Colistin	0.38	0.268	0.77	0.216	0.31	0.317	0.82	0.08	0.575	0.1	0.342	0.22	0.568	0.125	0.64	block_cv	gpa
Meropenem	0.856	0.099	0.775	0.208	0.893	0.064	0.711	0.113	0.816	0.092	0.874	0.064	0.808	0.085	0.852	block_cv	gpa
Tobramycin	0.716	0.377	0.964	0.234	0.901	0.413	0.881	0.207	0.84	0.171	0.798	0.357	0.859	0.173	0.895	block_cv	gpa
Ciprofloxacin	0.566	0.18	0.734	0.187	0.726	0.218	0.577	0.227	0.65	0.158	0.636	0.191	0.641	0.134	0.696	block_cv	gpa
Ceftazidim	0.436	0.226	0.778	0.182	0.659	0.326	0.583	0.155	0.607	0.105	0.525	0.225	0.596	0.106	0.627	block_cv	gpa
Colistin	0.549	0.309	0.751	0.176	0.375	0.19	0.86	0.081	0.65	0.106	0.446	0.194	0.624	0.09	0.699	block_cv	gpa_expr
Meropenem	0.882	0.079	0.798	0.17	0.905	0.081	0.755	0.131	0.84	0.088	0.894	0.058	0.835	0.082	0.93	block_cv	gpa_expr
Tobramycin	0.833	0.379	0.951	0.232	0.885	0.421	0.926	0.086	0.892	0.182	0.859	0.376	0.898	0.186	0.934	block_cv	gpa_expr
Ciprofloxacin	0.686	0.254	0.781	0.142	0.796	0.214	0.667	0.148	0.733	0.16	0.736	0.218	0.728	0.16	0.779	block_cv	gpa_expr
Ceftazidim	0.684	0.137	0.911	0.137	0.883	0.097	0.745	0.19	0.798	0.09	0.771	0.106	0.796	0.107	0.884	block_cv	gpa_expr
Colistin	0.69	0.333	0.636	0.3	0.34	0.176	0.883	0.293	0.663	0.167	0.456	0.221	0.598	0.182	0.7	block_cv	gpa_expr_snps
Meropenem	0.867	0.111	0.843	0.19	0.923	0.082	0.743	0.121	0.855	0.08	0.894	0.063	0.842	0.065	0.9	block_cv	gpa_expr_snps
Tobramycin	0.804	0.406	0.951	0.229	0.882	0.41	0.914	0.154	0.877	0.19	0.841	0.382	0.886	0.185	0.929	block_cv	gpa_expr_snps
Ciprofloxacin	0.931	0.084	0.836	0.099	0.876	0.125	0.907	0.072	0.883	0.078	0.902	0.098	0.886	0.085	0.927	block_cv	gpa_expr_snps
Ceftazidim	0.669	0.162	0.904	0.143	0.873	0.095	0.735	0.202	0.786	0.099	0.757	0.118	0.784	0.116	0.85	block_cv	gpa_expr_snps
Colistin	0.662	0.243	0.812	0.098	0.49	0.199	0.898	0.067	0.737	0.135	0.563	0.2	0.708	0.13	0.806	standard_cv	gpa_expr_snps
Meropenem	0.867	0.074	0.843	0.13	0.923	0.061	0.743	0.11	0.855	0.078	0.894	0.054	0.842	0.075	0.934	standard_cv	gpa_expr_snps
Tobramycin	0.882	0.112	0.933	0.038	0.857	0.071	0.945	0.047	0.908	0.057	0.87	0.071	0.904	0.049	0.964	standard_cv	gpa_expr_snps
Ciprofloxacin	0.912	0.08	0.836	0.105	0.873	0.074	0.884	0.095	0.874	0.074	0.892	0.066	0.876	0.074	0.923	standard_cv	gpa_expr_snps
Ceftazidim	0.805	0.139	0.793	0.074	0.793	0.076	0.805	0.114	0.799	0.082	0.799	0.096	0.799	0.083	0.863	standard_cv	gpa_expr_snps
Colistin	0.549	0.251	0.835	0.077	0.476	0.108	0.872	0.06	0.692	0.103	0.51	0.153	0.682	0.084	0.777	standard_cv	gpa_expr
Meropenem	0.908	0.062	0.854	0.105	0.932	0.047	0.809	0.116	0.881	0.065	0.919	0.043	0.875	0.066	0.95	standard_cv	gpa_expr
Tobramycin	0.892	0.098	0.955	0.036	0.901	0.073	0.951	0.041	0.924	0.051	0.897	0.064	0.925	0.046	0.961	standard_cv	gpa_expr
Ciprofloxacin	0.755	0.098	0.859	0.104	0.87	0.093	0.738	0.084	0.807	0.08	0.808	0.083	0.801	0.081	0.845	standard_cv	gpa_expr
Ceftazidim	0.789	0.104	0.822	0.093	0.814	0.078	0.799	0.078	0.806	0.032	0.802	0.039	0.806	0.031	0.864	standard_cv	gpa_expr
Colistin	0.282	0.182	0.812	0.166	0.29	0.282	0.806	0.113	0.547	0.125	0.286	0.169	0.547	0.127	0.626	block_cv	gpa_snps
Meropenem	0.862	0.107	0.775	0.249	0.894	0.068	0.719	0.162	0.818	0.113	0.877	0.07	0.812	0.112	0.869	block_cv	gpa_snps
Tobramycin	0.627	0.394	0.906	0.238	0.753	0.427	0.842	0.178	0.767	0.159	0.684	0.314	0.779	0.171	0.861	block_cv	gpa_snps
Ciprofloxacin	0.918	0.066	0.836	0.099	0.874	0.12	0.892	0.061	0.877	0.068	0.896	0.086	0.879	0.076	0.936	block_cv	gpa_snps
Ceftazidim	0.421	0.194	0.696	0.189	0.577	0.208	0.55	0.212	0.559	0.131	0.487	0.184	0.551	0.137	0.533	block_cv	gpa_snps
Colistin	0.451	0.251	0.762	0.09	0.34	0.138	0.836	0.055	0.607	0.106	0.388	0.177	0.593	0.094	0.718	standard_cv	gpa_snps
Meropenem	0.882	0.074	0.843	0.175	0.925	0.073	0.765	0.122	0.862	0.1	0.903	0.06	0.853	0.094	0.892	standard_cv	gpa_snps
Tobramycin	0.794	0.16	0.942	0.055	0.862	0.101	0.909	0.056	0.868	0.081	0.827	0.12	0.876	0.078	0.927	standard_cv	gpa_snps
Ciprofloxacin	0.918	0.073	0.852	0.104	0.885	0.073	0.893	0.086	0.885	0.068	0.901	0.06	0.887	0.067	0.95	standard_cv	gpa_snps
Ceftazidim	0.647	0.132	0.622	0.131	0.628	0.083	0.641	0.095	0.634	0.083	0.637	0.088	0.634	0.084	0.654	standard_cv	gpa_snps
Colistin	0.465	0.205	0.812	0.086	0.402	0.157	0.848	0.044	0.639	0.088	0.431	0.141	0.631	0.08	0.696	standard_cv	gpa
Meropenem	0.856	0.064	0.854	0.166	0.928	0.068	0.731	0.097	0.855	0.095	0.891	0.056	0.839	0.088	0.885	standard_cv	gpa
Tobramycin	0.824	0.114	0.946	0.045	0.875	0.097	0.921	0.045	0.885	0.06	0.848	0.082	0.891	0.056	0.929	standard_cv	gpa
Ciprofloxacin	0.78	0.077	0.766	0.102	0.805	0.062	0.737	0.056	0.773	0.049	0.792	0.047	0.772	0.049	0.835	standard_cv	gpa
Ceftazidim	0.647	0.169	0.674	0.176	0.662	0.092	0.659	0.098	0.66	0.077	0.654	0.096	0.66	0.081	0.702	standard_cv	gpa
Colistin	0.38	0.223	0.716	0.23	0.267	0.188	0.81	0.104	0.548	0.137	0.314	0.186	0.537	0.135	0.609	block_cv	snps
Meropenem	0.636	0.22	0.472	0.333	0.725	0.158	0.372	0.175	0.554	0.128	0.678	0.16	0.547	0.119	0.516	block_cv	snps
Tobramycin	0.578	0.39	0.892	0.31	0.711	0.449	0.822	0.319	0.735	0.192	0.638	0.338	0.747	0.208	0.795	block_cv	snps
Ciprofloxacin	0.893	0.108	0.844	0.092	0.877	0.119	0.864	0.094	0.868	0.074	0.885	0.096	0.869	0.082	0.93	block_cv	snps
Ceftazidim	0.624	0.301	0.667	0.314	0.648	0.261	0.643	0.264	0.645	0.125	0.636	0.252	0.645	0.141	0.632	block_cv	snps
Colistin	0.507	0.224	0.793	0.086	0.4	0.174	0.855	0.052	0.65	0.113	0.447	0.191	0.635	0.112	0.737	standard_cv	snps
Meropenem	0.646	0.139	0.472	0.177	0.728	0.07	0.378	0.118	0.559	0.095	0.685	0.093	0.552	0.093	0.579	standard_cv	snps
Tobramycin	0.814	0.117	0.937	0.066	0.856	0.117	0.917	0.049	0.875	0.064	0.834	0.081	0.881	0.061	0.928	standard_cv	snps
Ciprofloxacin	0.925	0.072	0.867	0.102	0.896	0.071	0.902	0.083	0.896	0.067	0.91	0.059	0.897	0.066	0.948	standard_cv	snps
Ceftazidim	0.617	0.091	0.644	0.128	0.631	0.079	0.63	0.07	0.63	0.071	0.624	0.07	0.63	0.073	0.675	standard_cv	snps
Colistin	0.62	0.223	0.87	0.131	0.564	0.196	0.894	0.051	0.745	0.099	0.591	0.178	0.736	0.101	0.837	block_cv	expr
Meropenem	0.877	0.097	0.82	0.162	0.914	0.082	0.753	0.11	0.849	0.096	0.895	0.078	0.84	0.092	0.883	block_cv	expr
Tobramycin	0.637	0.328	0.892	0.147	0.73	0.332	0.843	0.224	0.765	0.12	0.681	0.269	0.774	0.093	0.842	block_cv	expr
Ciprofloxacin	0.648	0.26	0.859	0.144	0.851	0.213	0.663	0.156	0.754	0.14	0.736	0.213	0.742	0.145	0.788	block_cv	expr
Ceftazidim	0.759	0.185	0.815	0.198	0.802	0.137	0.775	0.185	0.787	0.101	0.78	0.133	0.787	0.104	0.856	block_cv	expr
Colistin	0.704	0.311	0.709	0.262	0.397	0.273	0.898	0.101	0.707	0.157	0.508	0.258	0.65	0.174	0.756	block_cv	expr_snps
Meropenem	0.749	0.133	0.831	0.209	0.907	0.099	0.602	0.162	0.79	0.129	0.82	0.098	0.759	0.119	0.881	block_cv	expr_snps
Tobramycin	0.578	0.41	0.937	0.308	0.808	0.409	0.829	0.316	0.758	0.164	0.674	0.369	0.777	0.176	0.806	block_cv	expr_snps
Ciprofloxacin	0.912	0.103	0.844	0.107	0.879	0.134	0.885	0.077	0.878	0.079	0.895	0.1	0.88	0.086	0.942	block_cv	expr_snps
Ceftazidim	0.624	0.215	0.889	0.183	0.847	0.145	0.706	0.228	0.756	0.141	0.719	0.162	0.753	0.155	0.824	block_cv	expr_snps
Colistin	0.535	0.216	0.824	0.091	0.452	0.144	0.867	0.053	0.679	0.102	0.49	0.156	0.668	0.097	0.772	standard_cv	expr_snps
Meropenem	0.846	0.085	0.787	0.132	0.897	0.063	0.7	0.127	0.816	0.083	0.871	0.059	0.806	0.083	0.883	standard_cv	expr_snps
Tobramycin	0.853	0.088	0.937	0.057	0.861	0.102	0.933	0.038	0.895	0.043	0.857	0.059	0.896	0.044	0.946	standard_cv	expr_snps
Ciprofloxacin	0.912	0.079	0.875	0.091	0.901	0.067	0.889	0.084	0.893	0.056	0.906	0.052	0.894	0.057	0.941	standard_cv	expr_snps
Ceftazidim	0.774	0.113	0.837	0.089	0.824	0.092	0.79	0.088	0.806	0.076	0.798	0.085	0.806	0.076	0.856	standard_cv	expr_snps
Colistin	0.69	0.163	0.858	0.077	0.57	0.154	0.911	0.044	0.774	0.084	0.624	0.114	0.754	0.077	0.851	standard_cv	expr
Meropenem	0.851	0.07	0.82	0.119	0.912	0.06	0.716	0.116	0.836	0.083	0.881	0.058	0.823	0.081	0.895	standard_cv	expr
Tobramycin	0.882	0.108	0.924	0.069	0.841	0.107	0.945	0.046	0.903	0.046	0.861	0.062	0.898	0.047	0.934	standard_cv	expr
Ciprofloxacin	0.742	0.103	0.82	0.036	0.837	0.027	0.719	0.079	0.781	0.048	0.787	0.065	0.777	0.053	0.855	standard_cv	expr
Ceftazidim	0.827	0.127	0.815	0.115	0.815	0.083	0.827	0.091	0.821	0.077	0.821	0.085	0.821	0.079	0.875	standard_cv	expr
Colistin	0.423	0.319	0.755	0.217	0.319	0.217	0.828	0.086	0.589	0.104	0.364	0.218	0.577	0.102	0.599	block_cv	gpa
Meropenem	0.862	0.104	0.831	0.14	0.918	0.074	0.733	0.13	0.846	0.087	0.889	0.077	0.834	0.09	0.854	block_cv	gpa
Tobramycin	0.725	0.379	0.955	0.231	0.881	0.393	0.884	0.205	0.84	0.171	0.796	0.354	0.857	0.17	0.87	block_cv	gpa
Ciprofloxacin	0.648	0.239	0.695	0.268	0.725	0.223	0.614	0.247	0.672	0.116	0.684	0.212	0.668	0.122	0.746	block_cv	gpa
Ceftazidim	0.504	0.261	0.741	0.239	0.657	0.26	0.602	0.206	0.622	0.124	0.57	0.233	0.617	0.122	0.647	block_cv	gpa
Colistin	0.366	0.291	0.824	0.113	0.361	0.226	0.827	0.105	0.595	0.136	0.364	0.231	0.594	0.13	0.682	block_cv	gpa_expr
Meropenem	0.897	0.08	0.787	0.171	0.902	0.094	0.778	0.152	0.842	0.097	0.9	0.072	0.841	0.099	0.913	block_cv	gpa_expr
Tobramycin	0.814	0.372	0.955	0.231	0.892	0.416	0.918	0.087	0.884	0.177	0.851	0.366	0.894	0.177	0.94	block_cv	gpa_expr
Ciprofloxacin	0.616	0.266	0.805	0.189	0.797	0.208	0.628	0.133	0.711	0.134	0.695	0.221	0.7	0.11	0.746	block_cv	gpa_expr
Ceftazidim	0.692	0.157	0.881	0.127	0.852	0.136	0.744	0.189	0.787	0.107	0.763	0.143	0.785	0.119	0.878	block_cv	gpa_expr
Colistin	0.704	0.298	0.701	0.304	0.391	0.287	0.897	0.09	0.703	0.164	0.503	0.212	0.645	0.197	0.735	block_cv	gpa_expr_snps
Meropenem	0.851	0.11	0.82	0.267	0.912	0.072	0.716	0.162	0.836	0.126	0.881	0.074	0.823	0.118	0.925	block_cv	gpa_expr_snps
Tobramycin	0.696	0.418	0.924	0.233	0.807	0.401	0.869	0.177	0.81	0.189	0.747	0.398	0.822	0.218	0.912	block_cv	gpa_expr_snps
Ciprofloxacin	0.899	0.085	0.836	0.099	0.872	0.124	0.87	0.09	0.868	0.08	0.885	0.095	0.869	0.087	0.905	block_cv	gpa_expr_snps
Ceftazidim	0.662	0.171	0.919	0.082	0.889	0.115	0.734	0.181	0.79	0.07	0.759	0.119	0.787	0.091	0.847	block_cv	gpa_expr_snps
Colistin	0.606	0.259	0.808	0.074	0.462	0.174	0.883	0.072	0.707	0.14	0.524	0.195	0.684	0.124	0.782	standard_cv	gpa_expr_snps
Meropenem	0.887	0.071	0.876	0.101	0.94	0.047	0.78	0.114	0.882	0.072	0.913	0.053	0.869	0.074	0.943	standard_cv	gpa_expr_snps
Tobramycin	0.882	0.098	0.942	0.047	0.874	0.095	0.946	0.043	0.912	0.056	0.878	0.074	0.911	0.053	0.956	standard_cv	gpa_expr_snps
Ciprofloxacin	0.918	0.078	0.891	0.082	0.912	0.06	0.898	0.084	0.904	0.054	0.915	0.05	0.905	0.054	0.943	standard_cv	gpa_expr_snps
Ceftazidim	0.789	0.137	0.822	0.11	0.814	0.105	0.799	0.1	0.806	0.082	0.802	0.094	0.806	0.083	0.863	standard_cv	gpa_expr_snps
Colistin	0.606	0.273	0.801	0.082	0.453	0.184	0.882	0.075	0.703	0.134	0.518	0.188	0.679	0.116	0.765	standard_cv	gpa_expr
Meropenem	0.923	0.057	0.854	0.108	0.933	0.046	0.835	0.111	0.889	0.063	0.928	0.039	0.886	0.062	0.943	standard_cv	gpa_expr
Tobramycin	0.892	0.103	0.946	0.05	0.883	0.099	0.95	0.046	0.919	0.063	0.888	0.082	0.918	0.06	0.972	standard_cv	gpa_expr
Ciprofloxacin	0.736	0.152	0.867	0.12	0.873	0.092	0.725	0.098	0.802	0.073	0.799	0.102	0.794	0.081	0.861	standard_cv	gpa_expr
Ceftazidim	0.782	0.151	0.844	0.093	0.832	0.079	0.797	0.108	0.813	0.065	0.806	0.081	0.813	0.067	0.878	standard_cv	gpa_expr
Colistin	0.31	0.191	0.808	0.156	0.306	0.302	0.812	0.096	0.559	0.106	0.308	0.181	0.559	0.104	0.584	block_cv	gpa_snps
Meropenem	0.856	0.119	0.753	0.28	0.884	0.062	0.705	0.283	0.805	0.133	0.87	0.079	0.799	0.144	0.859	block_cv	gpa_snps
Tobramycin	0.637	0.393	0.915	0.239	0.774	0.444	0.846	0.182	0.776	0.165	0.699	0.323	0.789	0.174	0.857	block_cv	gpa_snps
Ciprofloxacin	0.899	0.11	0.828	0.102	0.867	0.12	0.869	0.085	0.864	0.076	0.883	0.097	0.865	0.083	0.938	block_cv	gpa_snps
Ceftazidim	0.444	0.178	0.681	0.227	0.578	0.213	0.554	0.221	0.563	0.123	0.502	0.159	0.557	0.125	0.584	block_cv	gpa_snps
Colistin	0.549	0.223	0.828	0.099	0.464	0.16	0.871	0.054	0.688	0.106	0.503	0.153	0.676	0.096	0.757	standard_cv	gpa_snps
Meropenem	0.862	0.056	0.831	0.116	0.918	0.053	0.733	0.096	0.846	0.071	0.889	0.044	0.834	0.068	0.869	standard_cv	gpa_snps
Tobramycin	0.853	0.083	0.937	0.037	0.861	0.081	0.933	0.036	0.895	0.055	0.857	0.076	0.896	0.055	0.928	standard_cv	gpa_snps
Ciprofloxacin	0.918	0.059	0.898	0.073	0.918	0.055	0.898	0.068	0.908	0.052	0.918	0.047	0.908	0.052	0.949	standard_cv	gpa_snps
Ceftazidim	0.602	0.222	0.667	0.209	0.64	0.141	0.629	0.13	0.634	0.115	0.62	0.154	0.634	0.121	0.674	standard_cv	gpa_snps
Colistin	0.479	0.206	0.785	0.122	0.378	0.174	0.847	0.055	0.632	0.123	0.422	0.179	0.619	0.121	0.7	standard_cv	gpa
Meropenem	0.872	0.06	0.831	0.103	0.919	0.045	0.747	0.106	0.852	0.069	0.895	0.046	0.841	0.07	0.88	standard_cv	gpa
Tobramycin	0.853	0.103	0.951	0.039	0.888	0.087	0.934	0.044	0.902	0.061	0.87	0.08	0.906	0.057	0.933	standard_cv	gpa
Ciprofloxacin	0.704	0.149	0.773	0.146	0.794	0.084	0.678	0.089	0.739	0.056	0.747	0.078	0.735	0.06	0.818	standard_cv	gpa
Ceftazidim	0.647	0.234	0.689	0.175	0.672	0.162	0.664	0.168	0.668	0.136	0.659	0.163	0.668	0.137	0.698	standard_cv	gpa
Colistin	0.423	0.253	0.724	0.231	0.294	0.21	0.822	0.104	0.573	0.15	0.347	0.22	0.558	0.147	0.633	block_cv	snps
Meropenem	0.631	0.259	0.494	0.329	0.732	0.157	0.379	0.201	0.563	0.124	0.678	0.187	0.553	0.13	0.545	block_cv	snps
Tobramycin	0.578	0.377	0.901	0.304	0.728	0.395	0.824	0.325	0.74	0.19	0.645	0.321	0.753	0.207	0.771	block_cv	snps
Ciprofloxacin	0.899	0.096	0.836	0.09	0.872	0.117	0.87	0.088	0.868	0.075	0.885	0.095	0.869	0.082	0.921	block_cv	snps
Ceftazidim	0.549	0.156	0.711	0.25	0.652	0.152	0.615	0.232	0.63	0.118	0.596	0.129	0.628	0.121	0.633	block_cv	snps
Colistin	0.563	0.27	0.789	0.113	0.421	0.204	0.869	0.067	0.676	0.135	0.482	0.218	0.655	0.129	0.738	standard_cv	snps
Meropenem	0.651	0.083	0.382	0.165	0.698	0.057	0.333	0.119	0.517	0.087	0.674	0.061	0.515	0.086	0.532	standard_cv	snps
Tobramycin	0.843	0.116	0.919	0.05	0.827	0.088	0.928	0.05	0.881	0.06	0.835	0.077	0.879	0.055	0.912	standard_cv	snps
Ciprofloxacin	0.912	0.067	0.906	0.071	0.924	0.053	0.892	0.073	0.909	0.052	0.918	0.048	0.908	0.052	0.949	standard_cv	snps
Ceftazidim	0.632	0.214	0.637	0.187	0.632	0.113	0.637	0.15	0.634	0.119	0.632	0.141	0.634	0.121	0.661	standard_cv	snps
Colistin	0.549	0.203	0.862	0.138	0.52	0.186	0.875	0.042	0.706	0.081	0.534	0.167	0.701	0.087	0.818	block_cv	expr
Meropenem	0.831	0.09	0.843	0.14	0.92	0.076	0.694	0.112	0.837	0.078	0.873	0.068	0.817	0.07	0.878	block_cv	expr
Tobramycin	0.647	0.384	0.848	0.167	0.66	0.332	0.84	0.219	0.747	0.134	0.653	0.286	0.749	0.102	0.818	block_cv	expr
Ciprofloxacin	0.667	0.269	0.828	0.137	0.828	0.208	0.667	0.175	0.747	0.142	0.739	0.218	0.739	0.113	0.789	block_cv	expr
Ceftazidim	0.752	0.236	0.8	0.235	0.787	0.141	0.766	0.234	0.776	0.134	0.769	0.168	0.776	0.133	0.849	block_cv	expr
Colistin	0.704	0.288	0.72	0.248	0.407	0.271	0.9	0.081	0.712	0.14	0.515	0.227	0.658	0.155	0.749	block_cv	expr_snps
Meropenem	0.769	0.144	0.82	0.215	0.904	0.099	0.619	0.159	0.795	0.117	0.831	0.096	0.768	0.108	0.88	block_cv	expr_snps
Tobramycin	0.559	0.416	0.892	0.308	0.704	0.389	0.816	0.321	0.726	0.183	0.623	0.309	0.738	0.195	0.796	block_cv	expr_snps
Ciprofloxacin	0.925	0.098	0.844	0.107	0.88	0.133	0.9	0.075	0.884	0.078	0.902	0.098	0.886	0.085	0.939	block_cv	expr_snps
Ceftazidim	0.632	0.206	0.874	0.172	0.832	0.126	0.707	0.218	0.753	0.125	0.718	0.149	0.75	0.134	0.831	block_cv	expr_snps
Colistin	0.592	0.213	0.782	0.092	0.424	0.103	0.876	0.052	0.687	0.092	0.494	0.125	0.66	0.077	0.785	standard_cv	expr_snps
Meropenem	0.826	0.085	0.82	0.175	0.91	0.078	0.682	0.139	0.823	0.092	0.866	0.055	0.805	0.086	0.892	standard_cv	expr_snps
Tobramycin	0.843	0.054	0.937	0.048	0.86	0.096	0.929	0.023	0.89	0.038	0.851	0.059	0.892	0.044	0.943	standard_cv	expr_snps
Ciprofloxacin	0.912	0.06	0.867	0.053	0.895	0.041	0.888	0.072	0.89	0.05	0.903	0.046	0.89	0.051	0.933	standard_cv	expr_snps
Ceftazidim	0.797	0.091	0.815	0.145	0.809	0.113	0.803	0.091	0.806	0.095	0.803	0.085	0.806	0.096	0.862	standard_cv	expr_snps
Colistin	0.634	0.18	0.866	0.075	0.562	0.195	0.897	0.046	0.75	0.095	0.596	0.129	0.739	0.085	0.858	standard_cv	expr
Meropenem	0.841	0.06	0.775	0.173	0.891	0.071	0.69	0.104	0.808	0.087	0.865	0.045	0.798	0.078	0.886	standard_cv	expr
Tobramycin	0.843	0.098	0.933	0.047	0.851	0.077	0.929	0.039	0.888	0.049	0.847	0.064	0.889	0.046	0.936	standard_cv	expr
Ciprofloxacin	0.748	0.128	0.805	0.083	0.826	0.062	0.72	0.106	0.777	0.067	0.785	0.079	0.773	0.07	0.844	standard_cv	expr
Ceftazidim	0.835	0.095	0.807	0.113	0.81	0.097	0.832	0.097	0.821	0.092	0.822	0.087	0.821	0.092	0.875	standard_cv	expr
Colistin	0.38	0.27	0.743	0.211	0.287	0.205	0.815	0.082	0.562	0.095	0.327	0.207	0.552	0.106	0.596	block_cv	gpa
Meropenem	0.851	0.105	0.831	0.142	0.917	0.071	0.718	0.125	0.841	0.087	0.883	0.074	0.827	0.086	0.861	block_cv	gpa
Tobramycin	0.735	0.383	0.96	0.233	0.893	0.401	0.888	0.166	0.847	0.17	0.806	0.359	0.864	0.17	0.888	block_cv	gpa
Ciprofloxacin	0.585	0.286	0.836	0.116	0.816	0.168	0.618	0.161	0.71	0.134	0.681	0.27	0.696	0.133	0.773	block_cv	gpa
Ceftazidim	0.549	0.222	0.778	0.289	0.709	0.234	0.636	0.231	0.663	0.089	0.619	0.185	0.659	0.089	0.659	block_cv	gpa
Colistin	0.549	0.309	0.766	0.212	0.39	0.196	0.862	0.079	0.658	0.106	0.456	0.195	0.634	0.107	0.709	block_cv	gpa_expr
Meropenem	0.908	0.08	0.798	0.208	0.908	0.086	0.798	0.123	0.853	0.106	0.908	0.064	0.853	0.101	0.913	block_cv	gpa_expr
Tobramycin	0.833	0.377	0.955	0.231	0.895	0.416	0.926	0.086	0.894	0.183	0.863	0.375	0.902	0.185	0.924	block_cv	gpa_expr
Ciprofloxacin	0.648	0.227	0.742	0.311	0.757	0.198	0.629	0.234	0.695	0.126	0.698	0.183	0.69	0.126	0.73	block_cv	gpa_expr
Ceftazidim	0.669	0.147	0.911	0.137	0.881	0.097	0.737	0.206	0.79	0.103	0.761	0.111	0.788	0.123	0.883	block_cv	gpa_expr
Colistin	0.718	0.248	0.69	0.284	0.386	0.278	0.9	0.081	0.704	0.123	0.502	0.179	0.642	0.161	0.746	block_cv	gpa_expr_snps
Meropenem	0.851	0.101	0.876	0.128	0.938	0.062	0.729	0.098	0.864	0.074	0.892	0.067	0.844	0.071	0.924	block_cv	gpa_expr_snps
Tobramycin	0.775	0.396	0.96	0.152	0.898	0.406	0.903	0.179	0.867	0.183	0.832	0.377	0.881	0.18	0.934	block_cv	gpa_expr_snps
Ciprofloxacin	0.925	0.084	0.836	0.099	0.875	0.125	0.899	0.077	0.88	0.078	0.899	0.097	0.883	0.086	0.92	block_cv	gpa_expr_snps
Ceftazidim	0.624	0.185	0.867	0.128	0.822	0.121	0.701	0.209	0.745	0.102	0.709	0.133	0.742	0.119	0.82	block_cv	gpa_expr_snps
Colistin	0.577	0.239	0.785	0.065	0.423	0.119	0.872	0.061	0.681	0.119	0.488	0.167	0.657	0.1	0.779	standard_cv	gpa_expr_snps
Meropenem	0.908	0.069	0.865	0.146	0.937	0.06	0.811	0.11	0.886	0.081	0.922	0.049	0.879	0.078	0.93	standard_cv	gpa_expr_snps
Tobramycin	0.873	0.082	0.928	0.06	0.848	0.118	0.941	0.037	0.9	0.054	0.86	0.077	0.897	0.057	0.954	standard_cv	gpa_expr_snps
Ciprofloxacin	0.906	0.061	0.867	0.074	0.894	0.051	0.881	0.071	0.886	0.049	0.9	0.042	0.887	0.05	0.942	standard_cv	gpa_expr_snps
Ceftazidim	0.789	0.085	0.807	0.116	0.802	0.094	0.796	0.073	0.798	0.076	0.795	0.073	0.798	0.076	0.87	standard_cv	gpa_expr_snps
Colistin	0.606	0.221	0.816	0.099	0.473	0.123	0.884	0.05	0.711	0.094	0.531	0.147	0.69	0.087	0.796	standard_cv	gpa_expr
Meropenem	0.892	0.045	0.876	0.097	0.941	0.043	0.788	0.084	0.884	0.056	0.916	0.034	0.873	0.053	0.949	standard_cv	gpa_expr
Tobramycin	0.902	0.067	0.946	0.04	0.885	0.081	0.955	0.03	0.924	0.042	0.893	0.059	0.922	0.043	0.955	standard_cv	gpa_expr
Ciprofloxacin	0.717	0.137	0.883	0.111	0.884	0.095	0.715	0.116	0.8	0.089	0.792	0.095	0.791	0.091	0.844	standard_cv	gpa_expr
Ceftazidim	0.812	0.09	0.837	0.084	0.831	0.075	0.819	0.072	0.825	0.062	0.821	0.065	0.825	0.063	0.89	standard_cv	gpa_expr
Colistin	0.239	0.215	0.82	0.147	0.266	0.192	0.799	0.1	0.53	0.102	0.252	0.196	0.53	0.102	0.598	block_cv	gpa_snps
Meropenem	0.862	0.101	0.764	0.289	0.889	0.069	0.716	0.268	0.813	0.127	0.875	0.065	0.807	0.135	0.856	block_cv	gpa_snps
Tobramycin	0.618	0.385	0.919	0.238	0.778	0.447	0.84	0.198	0.768	0.146	0.689	0.316	0.783	0.142	0.855	block_cv	gpa_snps
Ciprofloxacin	0.906	0.083	0.836	0.099	0.873	0.124	0.877	0.081	0.871	0.079	0.889	0.095	0.872	0.086	0.927	block_cv	gpa_snps
Ceftazidim	0.602	0.227	0.667	0.217	0.64	0.23	0.629	0.202	0.634	0.116	0.62	0.222	0.634	0.115	0.642	block_cv	gpa_snps
Colistin	0.507	0.166	0.805	0.073	0.414	0.121	0.857	0.046	0.656	0.099	0.456	0.138	0.643	0.092	0.738	standard_cv	gpa_snps
Meropenem	0.872	0.075	0.843	0.167	0.924	0.072	0.75	0.123	0.857	0.102	0.897	0.064	0.845	0.098	0.869	standard_cv	gpa_snps
Tobramycin	0.843	0.072	0.933	0.038	0.851	0.073	0.929	0.029	0.888	0.041	0.847	0.057	0.889	0.041	0.94	standard_cv	gpa_snps
Ciprofloxacin	0.931	0.075	0.867	0.074	0.897	0.048	0.91	0.086	0.899	0.049	0.914	0.044	0.901	0.05	0.938	standard_cv	gpa_snps
Ceftazidim	0.624	0.123	0.607	0.144	0.61	0.103	0.621	0.11	0.616	0.104	0.617	0.101	0.616	0.104	0.664	standard_cv	gpa_snps
Colistin	0.479	0.117	0.812	0.101	0.41	0.156	0.851	0.033	0.646	0.078	0.442	0.114	0.636	0.084	0.69	standard_cv	gpa
Meropenem	0.877	0.075	0.854	0.148	0.929	0.062	0.76	0.107	0.865	0.084	0.902	0.055	0.853	0.079	0.883	standard_cv	gpa
Tobramycin	0.843	0.072	0.951	0.039	0.887	0.087	0.93	0.029	0.897	0.047	0.864	0.069	0.902	0.049	0.924	standard_cv	gpa
Ciprofloxacin	0.711	0.133	0.812	0.106	0.825	0.093	0.693	0.119	0.762	0.086	0.764	0.093	0.756	0.088	0.804	standard_cv	gpa
Ceftazidim	0.669	0.094	0.674	0.122	0.669	0.093	0.674	0.087	0.672	0.087	0.669	0.083	0.672	0.088	0.707	standard_cv	gpa
Colistin	0.394	0.242	0.766	0.208	0.315	0.292	0.823	0.099	0.58	0.097	0.35	0.183	0.572	0.101	0.642	block_cv	snps
Meropenem	0.626	0.243	0.494	0.355	0.731	0.16	0.376	0.172	0.56	0.126	0.674	0.175	0.551	0.119	0.51	block_cv	snps
Tobramycin	0.549	0.42	0.883	0.311	0.683	0.422	0.811	0.32	0.716	0.18	0.609	0.321	0.727	0.205	0.789	block_cv	snps
Ciprofloxacin	0.887	0.117	0.844	0.101	0.876	0.127	0.857	0.106	0.865	0.084	0.881	0.104	0.866	0.092	0.927	block_cv	snps
Ceftazidim	0.617	0.323	0.696	0.289	0.667	0.278	0.648	0.255	0.656	0.144	0.641	0.289	0.656	0.158	0.648	block_cv	snps
Colistin	0.479	0.183	0.785	0.093	0.378	0.146	0.847	0.042	0.632	0.092	0.422	0.143	0.619	0.09	0.739	standard_cv	snps
Meropenem	0.641	0.088	0.517	0.157	0.744	0.059	0.397	0.088	0.579	0.073	0.689	0.053	0.569	0.065	0.597	standard_cv	snps
Tobramycin	0.824	0.08	0.937	0.056	0.857	0.102	0.921	0.031	0.88	0.043	0.84	0.063	0.884	0.046	0.928	standard_cv	snps
Ciprofloxacin	0.931	0.062	0.883	0.055	0.908	0.036	0.911	0.069	0.907	0.033	0.919	0.032	0.908	0.034	0.938	standard_cv	snps
Ceftazidim	0.647	0.138	0.659	0.078	0.652	0.064	0.654	0.099	0.653	0.076	0.649	0.091	0.653	0.075	0.674	standard_cv	snps
Colistin	0.606	0.235	0.87	0.135	0.558	0.166	0.89	0.055	0.738	0.099	0.581	0.168	0.73	0.094	0.825	block_cv	expr
Meropenem	0.826	0.093	0.787	0.173	0.894	0.08	0.673	0.112	0.806	0.094	0.859	0.073	0.792	0.08	0.866	block_cv	expr
Tobramycin	0.578	0.355	0.91	0.145	0.747	0.323	0.825	0.22	0.744	0.133	0.652	0.284	0.759	0.102	0.838	block_cv	expr
Ciprofloxacin	0.667	0.273	0.844	0.145	0.841	0.219	0.671	0.152	0.755	0.147	0.744	0.224	0.746	0.154	0.795	block_cv	expr
Ceftazidim	0.744	0.2	0.8	0.192	0.786	0.148	0.761	0.179	0.772	0.113	0.764	0.157	0.772	0.113	0.856	block_cv	expr
Colistin	0.648	0.323	0.716	0.256	0.383	0.231	0.882	0.108	0.682	0.18	0.482	0.254	0.636	0.178	0.75	block_cv	expr_snps
Meropenem	0.749	0.131	0.831	0.209	0.907	0.098	0.602	0.164	0.79	0.126	0.82	0.095	0.759	0.117	0.88	block_cv	expr_snps
Tobramycin	0.569	0.413	0.924	0.303	0.773	0.362	0.824	0.316	0.746	0.167	0.655	0.37	0.763	0.177	0.82	block_cv	expr_snps
Ciprofloxacin	0.918	0.083	0.836	0.099	0.874	0.125	0.892	0.146	0.877	0.076	0.896	0.096	0.879	0.074	0.94	block_cv	expr_snps
Ceftazidim	0.677	0.183	0.859	0.186	0.826	0.144	0.73	0.2	0.768	0.114	0.744	0.148	0.766	0.121	0.856	block_cv	expr_snps
Colistin	0.634	0.207	0.824	0.066	0.495	0.126	0.892	0.052	0.729	0.108	0.556	0.151	0.706	0.095	0.838	standard_cv	expr_snps
Meropenem	0.856	0.094	0.798	0.137	0.903	0.057	0.717	0.134	0.827	0.077	0.879	0.059	0.817	0.079	0.885	standard_cv	expr_snps
Tobramycin	0.824	0.155	0.915	0.063	0.816	0.13	0.919	0.067	0.869	0.095	0.82	0.129	0.868	0.092	0.918	standard_cv	expr_snps
Ciprofloxacin	0.906	0.094	0.867	0.095	0.894	0.063	0.881	0.099	0.886	0.071	0.9	0.066	0.887	0.072	0.925	standard_cv	expr_snps
Ceftazidim	0.789	0.061	0.807	0.092	0.802	0.079	0.796	0.045	0.798	0.044	0.795	0.043	0.798	0.045	0.846	standard_cv	expr_snps
Colistin	0.535	0.297	0.885	0.053	0.559	0.127	0.875	0.069	0.71	0.138	0.547	0.194	0.713	0.11	0.847	standard_cv	expr
Meropenem	0.856	0.103	0.809	0.15	0.908	0.06	0.72	0.111	0.833	0.069	0.881	0.058	0.822	0.068	0.894	standard_cv	expr
Tobramycin	0.833	0.134	0.892	0.039	0.78	0.054	0.921	0.056	0.863	0.059	0.806	0.068	0.856	0.045	0.927	standard_cv	expr
Ciprofloxacin	0.748	0.131	0.836	0.078	0.85	0.053	0.728	0.109	0.792	0.054	0.796	0.074	0.787	0.062	0.856	standard_cv	expr
Ceftazidim	0.82	0.075	0.785	0.136	0.79	0.108	0.815	0.07	0.802	0.073	0.804	0.063	0.802	0.074	0.869	standard_cv	expr
Colistin	0.352	0.24	0.782	0.177	0.305	0.31	0.816	0.095	0.567	0.106	0.327	0.207	0.563	0.114	0.617	block_cv	gpa
Meropenem	0.851	0.106	0.831	0.14	0.917	0.077	0.718	0.138	0.841	0.093	0.883	0.082	0.827	0.097	0.855	block_cv	gpa
Tobramycin	0.755	0.377	0.964	0.234	0.906	0.413	0.896	0.109	0.86	0.164	0.824	0.358	0.876	0.162	0.885	block_cv	gpa
Ciprofloxacin	0.604	0.258	0.742	0.183	0.744	0.154	0.601	0.213	0.673	0.155	0.667	0.221	0.666	0.174	0.741	block_cv	gpa
Ceftazidim	0.398	0.179	0.822	0.112	0.688	0.273	0.581	0.155	0.61	0.095	0.505	0.197	0.593	0.096	0.627	block_cv	gpa
Colistin	0.507	0.289	0.751	0.2	0.356	0.187	0.848	0.075	0.629	0.097	0.419	0.177	0.608	0.098	0.667	block_cv	gpa_expr
Meropenem	0.877	0.105	0.809	0.19	0.91	0.07	0.75	0.17	0.843	0.09	0.893	0.069	0.836	0.088	0.922	block_cv	gpa_expr
Tobramycin	0.814	0.386	0.955	0.231	0.892	0.416	0.918	0.088	0.884	0.183	0.851	0.372	0.894	0.181	0.935	block_cv	gpa_expr
Ciprofloxacin	0.629	0.251	0.773	0.228	0.775	0.203	0.627	0.152	0.701	0.14	0.694	0.213	0.693	0.165	0.765	block_cv	gpa_expr
Ceftazidim	0.699	0.156	0.904	0.132	0.877	0.087	0.753	0.197	0.801	0.094	0.778	0.114	0.8	0.11	0.885	block_cv	gpa_expr
Colistin	0.676	0.311	0.682	0.264	0.366	0.318	0.886	0.109	0.679	0.169	0.475	0.234	0.623	0.177	0.725	block_cv	gpa_expr_snps
Meropenem	0.851	0.114	0.831	0.176	0.917	0.075	0.718	0.093	0.841	0.078	0.883	0.071	0.827	0.071	0.921	block_cv	gpa_expr_snps
Tobramycin	0.765	0.395	0.951	0.232	0.876	0.419	0.898	0.097	0.858	0.177	0.817	0.37	0.87	0.172	0.918	block_cv	gpa_expr_snps
Ciprofloxacin	0.925	0.086	0.836	0.099	0.875	0.125	0.899	0.075	0.88	0.078	0.899	0.098	0.883	0.085	0.931	block_cv	gpa_expr_snps
Ceftazidim	0.632	0.201	0.904	0.077	0.866	0.154	0.713	0.179	0.768	0.096	0.73	0.17	0.764	0.114	0.855	block_cv	gpa_expr_snps
Colistin	0.592	0.187	0.82	0.091	0.472	0.179	0.881	0.053	0.706	0.118	0.525	0.17	0.687	0.116	0.823	standard_cv	gpa_expr_snps
Meropenem	0.892	0.094	0.831	0.097	0.921	0.042	0.779	0.145	0.862	0.067	0.906	0.058	0.855	0.075	0.929	standard_cv	gpa_expr_snps
Tobramycin	0.902	0.105	0.915	0.046	0.829	0.081	0.953	0.046	0.908	0.051	0.864	0.062	0.899	0.045	0.957	standard_cv	gpa_expr_snps
Ciprofloxacin	0.918	0.072	0.875	0.109	0.901	0.076	0.896	0.085	0.897	0.077	0.91	0.066	0.898	0.076	0.906	standard_cv	gpa_expr_snps
Ceftazidim	0.82	0.073	0.837	0.083	0.832	0.078	0.825	0.067	0.828	0.064	0.826	0.064	0.828	0.064	0.866	standard_cv	gpa_expr_snps
Colistin	0.648	0.157	0.805	0.067	0.474	0.129	0.894	0.047	0.726	0.096	0.548	0.128	0.697	0.088	0.799	standard_cv	gpa_expr
Meropenem	0.928	0.06	0.843	0.193	0.928	0.071	0.843	0.099	0.885	0.085	0.928	0.036	0.885	0.069	0.948	standard_cv	gpa_expr
Tobramycin	0.882	0.079	0.937	0.038	0.865	0.075	0.946	0.035	0.91	0.045	0.874	0.057	0.908	0.042	0.962	standard_cv	gpa_expr
Ciprofloxacin	0.736	0.146	0.875	0.109	0.88	0.1	0.727	0.127	0.805	0.097	0.801	0.106	0.798	0.101	0.849	standard_cv	gpa_expr
Ceftazidim	0.835	0.079	0.844	0.1	0.841	0.098	0.838	0.074	0.84	0.078	0.838	0.079	0.84	0.079	0.89	standard_cv	gpa_expr
Colistin	0.268	0.188	0.824	0.169	0.292	0.247	0.805	0.089	0.546	0.11	0.279	0.201	0.547	0.114	0.603	block_cv	gpa_snps
Meropenem	0.862	0.104	0.787	0.257	0.898	0.076	0.722	0.159	0.824	0.118	0.88	0.072	0.816	0.115	0.873	block_cv	gpa_snps
Tobramycin	0.569	0.381	0.91	0.24	0.744	0.462	0.822	0.203	0.739	0.162	0.644	0.334	0.754	0.155	0.86	block_cv	gpa_snps
Ciprofloxacin	0.906	0.077	0.836	0.099	0.873	0.121	0.877	0.071	0.871	0.07	0.889	0.089	0.872	0.078	0.939	block_cv	gpa_snps
Ceftazidim	0.361	0.254	0.756	0.223	0.593	0.294	0.545	0.212	0.558	0.128	0.449	0.253	0.541	0.142	0.551	block_cv	gpa_snps
Colistin	0.423	0.203	0.824	0.078	0.395	0.177	0.84	0.04	0.623	0.086	0.408	0.158	0.62	0.086	0.761	standard_cv	gpa_snps
Meropenem	0.851	0.115	0.831	0.165	0.917	0.066	0.718	0.126	0.841	0.065	0.883	0.06	0.827	0.063	0.878	standard_cv	gpa_snps
Tobramycin	0.863	0.118	0.937	0.053	0.863	0.087	0.937	0.048	0.9	0.056	0.863	0.074	0.9	0.052	0.918	standard_cv	gpa_snps
Ciprofloxacin	0.912	0.079	0.883	0.11	0.906	0.08	0.89	0.097	0.897	0.085	0.909	0.074	0.898	0.085	0.946	standard_cv	gpa_snps
Ceftazidim	0.579	0.128	0.637	0.107	0.611	0.101	0.606	0.087	0.608	0.092	0.595	0.112	0.608	0.095	0.644	standard_cv	gpa_snps
Colistin	0.465	0.225	0.785	0.096	0.371	0.161	0.844	0.049	0.625	0.104	0.412	0.177	0.613	0.102	0.689	standard_cv	gpa
Meropenem	0.862	0.118	0.843	0.156	0.923	0.064	0.735	0.138	0.852	0.072	0.891	0.067	0.838	0.075	0.875	standard_cv	gpa
Tobramycin	0.853	0.097	0.942	0.038	0.87	0.068	0.933	0.042	0.897	0.049	0.861	0.061	0.899	0.043	0.908	standard_cv	gpa
Ciprofloxacin	0.742	0.184	0.82	0.127	0.837	0.107	0.719	0.155	0.781	0.112	0.787	0.132	0.777	0.12	0.826	standard_cv	gpa
Ceftazidim	0.654	0.118	0.667	0.126	0.659	0.099	0.662	0.097	0.66	0.087	0.657	0.088	0.66	0.086	0.685	standard_cv	gpa
Colistin	0.38	0.215	0.755	0.226	0.297	0.228	0.817	0.092	0.568	0.119	0.333	0.189	0.559	0.121	0.635	block_cv	snps
Meropenem	0.641	0.244	0.393	0.198	0.698	0.105	0.333	0.175	0.517	0.063	0.668	0.178	0.515	0.084	0.497	block_cv	snps
Tobramycin	0.549	0.379	0.861	0.303	0.644	0.432	0.807	0.325	0.705	0.205	0.593	0.315	0.713	0.214	0.769	block_cv	snps
Ciprofloxacin	0.893	0.108	0.836	0.106	0.871	0.125	0.863	0.091	0.865	0.082	0.882	0.1	0.866	0.089	0.927	block_cv	snps
Ceftazidim	0.481	0.289	0.667	0.255	0.587	0.271	0.566	0.245	0.574	0.166	0.529	0.254	0.571	0.169	0.57	block_cv	snps
Colistin	0.507	0.143	0.816	0.048	0.429	0.086	0.859	0.035	0.662	0.07	0.465	0.102	0.651	0.062	0.753	standard_cv	snps
Meropenem	0.662	0.114	0.461	0.165	0.729	0.067	0.383	0.13	0.561	0.104	0.694	0.089	0.556	0.103	0.588	standard_cv	snps
Tobramycin	0.814	0.138	0.924	0.074	0.83	0.135	0.916	0.061	0.869	0.082	0.822	0.109	0.871	0.08	0.89	standard_cv	snps
Ciprofloxacin	0.912	0.084	0.867	0.133	0.895	0.09	0.888	0.102	0.89	0.092	0.903	0.077	0.89	0.091	0.947	standard_cv	snps
Ceftazidim	0.624	0.167	0.593	0.118	0.601	0.1	0.615	0.156	0.608	0.117	0.613	0.125	0.608	0.117	0.666	standard_cv	snps
Colistin	0.535	0.258	0.851	0.135	0.494	0.276	0.871	0.049	0.693	0.131	0.514	0.233	0.687	0.13	0.81	block_cv	expr
Meropenem	0.846	0.096	0.831	0.173	0.917	0.083	0.712	0.12	0.839	0.094	0.88	0.074	0.823	0.084	0.879	block_cv	expr
Tobramycin	0.667	0.391	0.852	0.174	0.673	0.354	0.848	0.191	0.759	0.131	0.67	0.292	0.76	0.109	0.83	block_cv	expr
Ciprofloxacin	0.61	0.26	0.812	0.141	0.802	0.259	0.627	0.179	0.711	0.156	0.693	0.221	0.7	0.163	0.782	block_cv	expr
Ceftazidim	0.774	0.191	0.837	0.2	0.824	0.108	0.79	0.194	0.806	0.108	0.798	0.132	0.806	0.111	0.863	block_cv	expr
Colistin	0.606	0.288	0.69	0.255	0.347	0.207	0.865	0.098	0.648	0.133	0.441	0.221	0.604	0.144	0.725	block_cv	expr_snps
Meropenem	0.754	0.102	0.82	0.214	0.902	0.102	0.603	0.145	0.787	0.127	0.821	0.082	0.758	0.109	0.884	block_cv	expr_snps
Tobramycin	0.608	0.408	0.946	0.308	0.838	0.414	0.841	0.319	0.777	0.199	0.705	0.395	0.797	0.232	0.819	block_cv	expr_snps
Ciprofloxacin	0.925	0.086	0.844	0.087	0.88	0.116	0.9	0.071	0.884	0.07	0.902	0.093	0.886	0.078	0.94	block_cv	expr_snps
Ceftazidim	0.639	0.202	0.822	0.155	0.78	0.188	0.698	0.206	0.731	0.124	0.702	0.168	0.729	0.144	0.808	block_cv	expr_snps
Colistin	0.577	0.234	0.812	0.087	0.456	0.213	0.876	0.064	0.695	0.138	0.509	0.199	0.676	0.13	0.805	standard_cv	expr_snps
Meropenem	0.867	0.076	0.843	0.107	0.923	0.048	0.743	0.121	0.855	0.069	0.894	0.051	0.842	0.072	0.903	standard_cv	expr_snps
Tobramycin	0.824	0.041	0.919	0.062	0.824	0.115	0.919	0.019	0.871	0.038	0.824	0.06	0.871	0.048	0.934	standard_cv	expr_snps
Ciprofloxacin	0.925	0.049	0.867	0.105	0.896	0.073	0.902	0.058	0.896	0.06	0.91	0.048	0.897	0.059	0.938	standard_cv	expr_snps
Ceftazidim	0.737	0.141	0.859	0.12	0.838	0.119	0.768	0.111	0.798	0.09	0.784	0.099	0.798	0.09	0.864	standard_cv	expr_snps
Colistin	0.606	0.261	0.893	0.069	0.606	0.232	0.893	0.063	0.749	0.141	0.606	0.233	0.749	0.141	0.85	standard_cv	expr
Meropenem	0.856	0.084	0.831	0.143	0.918	0.059	0.725	0.124	0.844	0.079	0.886	0.054	0.83	0.078	0.913	standard_cv	expr
Tobramycin	0.853	0.084	0.915	0.061	0.821	0.114	0.932	0.037	0.884	0.051	0.837	0.075	0.88	0.055	0.937	standard_cv	expr
Ciprofloxacin	0.761	0.152	0.844	0.114	0.858	0.085	0.74	0.128	0.802	0.078	0.807	0.092	0.797	0.083	0.854	standard_cv	expr
Ceftazidim	0.782	0.163	0.763	0.141	0.765	0.088	0.78	0.109	0.772	0.082	0.773	0.096	0.772	0.084	0.858	standard_cv	expr
Colistin	0.38	0.299	0.77	0.214	0.31	0.225	0.82	0.096	0.575	0.115	0.342	0.234	0.568	0.116	0.606	block_cv	gpa
Meropenem	0.851	0.106	0.775	0.208	0.892	0.066	0.704	0.129	0.813	0.101	0.871	0.074	0.805	0.096	0.857	block_cv	gpa
Tobramycin	0.735	0.366	0.964	0.234	0.904	0.412	0.888	0.203	0.85	0.165	0.811	0.352	0.868	0.167	0.871	block_cv	gpa
Ciprofloxacin	0.56	0.281	0.75	0.164	0.736	0.245	0.578	0.183	0.655	0.173	0.636	0.27	0.644	0.194	0.726	block_cv	gpa
Ceftazidim	0.474	0.248	0.778	0.235	0.677	0.252	0.6	0.189	0.626	0.107	0.558	0.234	0.617	0.112	0.642	block_cv	gpa
Colistin	0.521	0.289	0.805	0.135	0.42	0.173	0.861	0.077	0.663	0.088	0.465	0.184	0.649	0.074	0.684	block_cv	gpa_expr
Meropenem	0.913	0.052	0.865	0.153	0.937	0.08	0.819	0.096	0.889	0.076	0.925	0.05	0.883	0.063	0.929	block_cv	gpa_expr
Tobramycin	0.814	0.374	0.942	0.231	0.865	0.418	0.917	0.092	0.878	0.177	0.838	0.366	0.884	0.178	0.942	block_cv	gpa_expr
Ciprofloxacin	0.692	0.25	0.812	0.147	0.821	0.201	0.68	0.154	0.752	0.155	0.751	0.208	0.746	0.159	0.78	block_cv	gpa_expr
Ceftazidim	0.692	0.137	0.889	0.124	0.86	0.107	0.745	0.185	0.79	0.079	0.767	0.103	0.789	0.089	0.867	block_cv	gpa_expr
Colistin	0.69	0.286	0.709	0.254	0.392	0.239	0.894	0.083	0.699	0.149	0.5	0.18	0.645	0.146	0.742	block_cv	gpa_expr_snps
Meropenem	0.856	0.115	0.854	0.202	0.928	0.083	0.731	0.095	0.855	0.091	0.891	0.072	0.839	0.078	0.921	block_cv	gpa_expr_snps
Tobramycin	0.784	0.366	0.951	0.152	0.879	0.406	0.906	0.153	0.867	0.168	0.829	0.36	0.878	0.17	0.923	block_cv	gpa_expr_snps
Ciprofloxacin	0.918	0.091	0.836	0.099	0.874	0.125	0.892	0.075	0.877	0.079	0.896	0.1	0.879	0.086	0.903	block_cv	gpa_expr_snps
Ceftazidim	0.684	0.153	0.889	0.136	0.858	0.099	0.741	0.193	0.787	0.079	0.762	0.1	0.785	0.096	0.837	block_cv	gpa_expr_snps
Colistin	0.606	0.131	0.793	0.124	0.443	0.194	0.881	0.04	0.699	0.091	0.512	0.131	0.673	0.102	0.782	standard_cv	gpa_expr_snps
Meropenem	0.897	0.053	0.82	0.136	0.916	0.058	0.785	0.097	0.859	0.077	0.907	0.043	0.854	0.071	0.925	standard_cv	gpa_expr_snps
Tobramycin	0.882	0.086	0.919	0.055	0.833	0.104	0.945	0.041	0.901	0.056	0.857	0.077	0.894	0.058	0.957	standard_cv	gpa_expr_snps
Ciprofloxacin	0.912	0.084	0.836	0.139	0.873	0.089	0.884	0.081	0.874	0.069	0.892	0.057	0.876	0.068	0.93	standard_cv	gpa_expr_snps
Ceftazidim	0.797	0.131	0.844	0.141	0.835	0.123	0.809	0.098	0.821	0.068	0.815	0.074	0.821	0.069	0.873	standard_cv	gpa_expr_snps
Colistin	0.606	0.162	0.824	0.086	0.483	0.138	0.885	0.045	0.715	0.099	0.538	0.141	0.695	0.097	0.792	standard_cv	gpa_expr
Meropenem	0.877	0.065	0.854	0.105	0.929	0.046	0.76	0.105	0.865	0.052	0.902	0.037	0.853	0.05	0.925	standard_cv	gpa_expr
Tobramycin	0.892	0.088	0.933	0.044	0.858	0.091	0.95	0.04	0.912	0.055	0.875	0.075	0.908	0.055	0.966	standard_cv	gpa_expr
Ciprofloxacin	0.742	0.122	0.875	0.094	0.881	0.071	0.732	0.099	0.809	0.07	0.805	0.081	0.801	0.074	0.841	standard_cv	gpa_expr
Ceftazidim	0.812	0.132	0.852	0.106	0.844	0.098	0.821	0.098	0.832	0.077	0.828	0.089	0.832	0.078	0.894	standard_cv	gpa_expr
Colistin	0.296	0.216	0.793	0.151	0.28	0.184	0.805	0.106	0.544	0.115	0.288	0.19	0.543	0.111	0.605	block_cv	gpa_snps
Meropenem	0.856	0.102	0.764	0.245	0.888	0.067	0.708	0.158	0.81	0.109	0.872	0.067	0.804	0.107	0.874	block_cv	gpa_snps
Tobramycin	0.618	0.374	0.91	0.236	0.759	0.452	0.839	0.192	0.764	0.166	0.681	0.34	0.777	0.154	0.883	block_cv	gpa_snps
Ciprofloxacin	0.906	0.079	0.836	0.099	0.873	0.128	0.877	0.061	0.871	0.076	0.889	0.1	0.872	0.084	0.936	block_cv	gpa_snps
Ceftazidim	0.526	0.311	0.696	0.284	0.631	0.265	0.599	0.228	0.611	0.096	0.574	0.272	0.609	0.11	0.627	block_cv	gpa_snps
Colistin	0.521	0.261	0.793	0.073	0.407	0.185	0.859	0.069	0.657	0.142	0.457	0.205	0.641	0.127	0.757	standard_cv	gpa_snps
Meropenem	0.856	0.066	0.82	0.146	0.913	0.063	0.723	0.112	0.838	0.067	0.884	0.037	0.826	0.057	0.875	standard_cv	gpa_snps
Tobramycin	0.833	0.097	0.955	0.046	0.895	0.093	0.926	0.04	0.894	0.057	0.863	0.081	0.902	0.057	0.945	standard_cv	gpa_snps
Ciprofloxacin	0.918	0.059	0.891	0.086	0.912	0.062	0.898	0.065	0.904	0.052	0.915	0.044	0.905	0.051	0.942	standard_cv	gpa_snps
Ceftazidim	0.677	0.116	0.667	0.138	0.667	0.099	0.677	0.081	0.672	0.086	0.672	0.09	0.672	0.088	0.703	standard_cv	gpa_snps
Colistin	0.521	0.208	0.789	0.116	0.402	0.149	0.858	0.055	0.655	0.105	0.454	0.142	0.638	0.096	0.714	standard_cv	gpa
Meropenem	0.867	0.076	0.843	0.137	0.923	0.058	0.743	0.123	0.855	0.073	0.894	0.048	0.842	0.069	0.881	standard_cv	gpa
Tobramycin	0.843	0.093	0.955	0.047	0.896	0.104	0.93	0.041	0.899	0.065	0.869	0.092	0.906	0.066	0.927	standard_cv	gpa
Ciprofloxacin	0.748	0.161	0.812	0.166	0.832	0.109	0.722	0.11	0.78	0.076	0.788	0.092	0.776	0.082	0.814	standard_cv	gpa
Ceftazidim	0.617	0.124	0.726	0.123	0.689	0.105	0.658	0.089	0.671	0.086	0.651	0.095	0.67	0.086	0.724	standard_cv	gpa
Colistin	0.366	0.23	0.743	0.223	0.28	0.209	0.812	0.109	0.555	0.144	0.317	0.198	0.547	0.135	0.609	block_cv	snps
Meropenem	0.61	0.255	0.461	0.248	0.713	0.108	0.35	0.18	0.535	0.07	0.657	0.181	0.528	0.088	0.515	block_cv	snps
Tobramycin	0.569	0.393	0.919	0.308	0.763	0.428	0.823	0.324	0.744	0.194	0.652	0.345	0.76	0.213	0.787	block_cv	snps
Ciprofloxacin	0.887	0.12	0.82	0.081	0.86	0.113	0.854	0.093	0.854	0.08	0.873	0.105	0.855	0.085	0.924	block_cv	snps
Ceftazidim	0.414	0.292	0.704	0.225	0.579	0.253	0.549	0.209	0.559	0.145	0.482	0.251	0.55	0.184	0.519	block_cv	snps
Colistin	0.563	0.166	0.808	0.134	0.444	0.165	0.872	0.057	0.686	0.119	0.497	0.155	0.668	0.12	0.745	standard_cv	snps
Meropenem	0.61	0.045	0.584	0.16	0.763	0.078	0.406	0.074	0.597	0.083	0.678	0.042	0.579	0.068	0.59	standard_cv	snps
Tobramycin	0.824	0.148	0.942	0.047	0.866	0.093	0.921	0.057	0.883	0.072	0.844	0.098	0.888	0.065	0.926	standard_cv	snps
Ciprofloxacin	0.906	0.079	0.891	0.086	0.911	0.062	0.884	0.08	0.898	0.054	0.909	0.05	0.898	0.055	0.945	standard_cv	snps
Ceftazidim	0.609	0.124	0.674	0.169	0.648	0.114	0.636	0.09	0.642	0.097	0.628	0.101	0.641	0.1	0.667	standard_cv	snps
