drug	mode	lower	upper	p_val	inner_cor	inner_miscl	outer_cor	outer_miscl	pval.adj	is_sig
Ceftazidim	expr_snps	8	32	0.144278510950197	55	23	155	45	0.14745938150006	FALSE
Ceftazidim	expr_snps	4	64	0.00841359339942022	99	44	111	24	0.0210339834985505	TRUE
Ceftazidim	expr_snps	2	128	0.14745938150006	158	56	52	12	0.14745938150006	FALSE
Ceftazidim	expr_snps	1	256	0.043236715497222	184	65	26	3	0.0720611924953701	FALSE
Ceftazidim	expr_snps	0.5	512	0.00531801251781319	192	68	18	0	0.0210339834985505	TRUE
Ciprofloxacin	expr_snps	1	4	0.00380615668762693	44	15	237	28	0.00507487558350258	FALSE
Ciprofloxacin	expr_snps	0.5	8	1.48629975494779e-08	81	32	200	11	5.94519901979115e-08	TRUE
Ciprofloxacin	expr_snps	0.25	16	1.31083053187355e-05	147	37	134	6	2.62166106374711e-05	FALSE
Ciprofloxacin	expr_snps	0.125	32	0.0216044404123354	233	41	48	2	0.0216044404123354	FALSE
Meropenem	expr_snps	2	8	0.0220822266229861	68	18	207	26	0.0552055665574652	TRUE
Meropenem	expr_snps	1	16	0.01486334924833	149	32	126	12	0.0552055665574652	TRUE
Meropenem	expr_snps	0.5	32	0.074436787765193	200	37	75	7	0.124061312941988	FALSE
Meropenem	expr_snps	0.25	64	0.346003068190006	240	40	35	4	0.346003068190006	FALSE
Meropenem	expr_snps	0.125	128	0.143998014350861	253	43	22	1	0.179997517938576	FALSE
Tobramycin	expr_snps	4	16	0.0972646181558602	15	4	324	32	0.29179385446758	FALSE
Tobramycin	expr_snps	2	32	0.050847287567282	67	12	272	24	0.29179385446758	FALSE
Tobramycin	expr_snps	1	64	0.259934901571982	164	20	175	16	0.519869803143964	FALSE
Tobramycin	expr_snps	0.5	128	0.743437909957148	256	26	83	10	0.743437909957148	FALSE
Tobramycin	expr_snps	0.25	256	0.537083581826595	306	33	33	3	0.644500298191914	FALSE
Tobramycin	expr_snps	0.125	512	0.468263807694554	322	35	17	1	0.644500298191914	FALSE
Ceftazidim	expr	8	32	0.0169791648915856	50	26	163	43	0.0424479122289639	FALSE
Ceftazidim	expr	4	64	0.000233655840795339	95	48	118	21	0.00116827920397669	TRUE
Ceftazidim	expr	2	128	0.265399013214929	163	56	50	13	0.265399013214929	FALSE
Ceftazidim	expr	1	256	0.0432727570331569	187	66	26	3	0.062559258484678	FALSE
Ceftazidim	expr	0.5	512	0.0500474067877424	197	68	16	1	0.062559258484678	FALSE
Ciprofloxacin	expr	1	4	5.92941473068811e-05	25	25	192	52	7.90588630758415e-05	FALSE
Ciprofloxacin	expr	0.5	8	7.38465969231184e-06	59	43	158	34	2.95386387692474e-05	TRUE
Ciprofloxacin	expr	0.25	16	1.48308545072862e-05	106	59	111	18	2.96617090145723e-05	FALSE
Ciprofloxacin	expr	0.125	32	0.176856812145199	180	68	37	9	0.176856812145199	FALSE
Meropenem	expr	2	8	0.00414392873772083	60	23	196	31	0.0131021730386639	TRUE
Meropenem	expr	1	16	0.00524086921546555	134	39	122	15	0.0131021730386639	TRUE
Meropenem	expr	0.5	32	0.0543710535031848	184	45	72	9	0.0644241680968923	FALSE
Meropenem	expr	0.25	64	0.0108761802837064	216	52	40	2	0.0181269671395106	FALSE
Meropenem	expr	0.125	128	0.0644241680968923	234	53	22	1	0.0644241680968923	FALSE
Tobramycin	expr	4	16	0.00359282554920504	11	6	323	31	0.0215569532952303	TRUE
Tobramycin	expr	2	32	0.0612488529949011	66	12	268	25	0.122497705989802	FALSE
Tobramycin	expr	1	64	0.0228160147356089	154	24	180	13	0.0684480442068268	FALSE
Tobramycin	expr	0.5	128	0.219799737630264	246	30	88	7	0.257433874813408	FALSE
Tobramycin	expr	0.25	256	0.257433874813408	299	35	35	2	0.257433874813408	FALSE
Tobramycin	expr	0.125	512	0.12885272620924	315	37	19	0	0.19327908931386	FALSE
Ceftazidim	gpa_expr_snps	8	32	0.0242701671034128	52	25	162	41	0.0404502785056881	FALSE
Ceftazidim	gpa_expr_snps	4	64	0.000872701737754989	97	45	117	21	0.00436350868877495	TRUE
Ceftazidim	gpa_expr_snps	2	128	0.0991774916586085	160	55	54	11	0.0991774916586085	FALSE
Ceftazidim	gpa_expr_snps	1	256	0.0543894837817259	188	63	26	3	0.0679868547271574	FALSE
Ceftazidim	gpa_expr_snps	0.5	512	0.0066327081898526	196	66	18	0	0.0165817704746315	FALSE
Ciprofloxacin	gpa_expr_snps	1	4	0.000203765933019347	40	17	240	26	0.000271687910692462	FALSE
Ciprofloxacin	gpa_expr_snps	0.5	8	1.59541964828008e-09	79	33	201	10	6.38167859312033e-09	TRUE
Ciprofloxacin	gpa_expr_snps	0.25	16	1.44869546766579e-05	147	37	133	6	2.89739093533158e-05	FALSE
Ciprofloxacin	gpa_expr_snps	0.125	32	0.0765027862281021	234	40	46	3	0.0765027862281021	FALSE
Meropenem	gpa_expr_snps	2	8	0.0961532107417864	71	16	200	27	0.0961532107417864	FALSE
Meropenem	gpa_expr_snps	1	16	0.00222979290504493	143	33	128	10	0.0111489645252247	TRUE
Meropenem	gpa_expr_snps	0.5	32	0.00949437012311099	192	38	79	5	0.0187699578317135	FALSE
Meropenem	gpa_expr_snps	0.25	64	0.0112619746990281	230	42	41	1	0.0187699578317135	FALSE
Meropenem	gpa_expr_snps	0.125	128	0.0251713885580745	247	43	24	0	0.0314642356975932	FALSE
Tobramycin	gpa_expr_snps	4	16	0.203932310195072	17	3	332	27	0.828948508489145	FALSE
Tobramycin	gpa_expr_snps	2	32	0.690790423740955	78	6	271	24	0.828948508489145	FALSE
Tobramycin	gpa_expr_snps	1	64	0.689358591596961	173	14	176	16	0.828948508489145	FALSE
Tobramycin	gpa_expr_snps	0.5	128	0.913975770274129	266	20	83	10	0.913975770274129	FALSE
Tobramycin	gpa_expr_snps	0.25	256	0.685321910225322	316	27	33	3	0.828948508489145	FALSE
Tobramycin	gpa_expr_snps	0.125	512	0.574324859359232	332	29	17	1	0.828948508489145	FALSE
Ceftazidim	gpa_expr	8	32	0.0130987083744889	51	26	164	41	0.0163733854681111	FALSE
Ceftazidim	gpa_expr	4	64	0.000720513492390361	98	46	117	21	0.00360256746195181	TRUE
Ceftazidim	gpa_expr	2	128	0.183877696481395	163	55	52	12	0.183877696481395	FALSE
Ceftazidim	gpa_expr	1	256	0.0116190742969383	187	65	28	2	0.0163733854681111	FALSE
Ceftazidim	gpa_expr	0.5	512	0.00634260070597446	197	67	18	0	0.0158565017649361	FALSE
Ciprofloxacin	gpa_expr	1	4	1.83410292599523e-06	24	26	205	46	3.66820585199045e-06	FALSE
Ciprofloxacin	gpa_expr	0.5	8	1.24526379891689e-05	65	41	164	31	1.66035173188919e-05	FALSE
Ciprofloxacin	gpa_expr	0.25	16	5.89058884743828e-07	110	58	119	14	2.35623553897531e-06	TRUE
Ciprofloxacin	gpa_expr	0.125	32	0.0778753109044433	189	65	40	7	0.0778753109044433	FALSE
Meropenem	gpa_expr	2	8	0.216722689425671	79	12	210	22	0.216722689425671	FALSE
Meropenem	gpa_expr	1	16	0.00983983096492751	157	26	132	8	0.0491991548246375	TRUE
Meropenem	gpa_expr	0.5	32	0.0789094690073765	210	29	79	5	0.131515781678961	FALSE
Meropenem	gpa_expr	0.25	64	0.161066669735846	250	32	39	2	0.201333337169807	FALSE
Meropenem	gpa_expr	0.125	128	0.0623230256290921	265	34	24	0	0.131515781678961	FALSE
Tobramycin	gpa_expr	4	16	0.120251574926736	17	3	344	21	0.721509449560415	FALSE
Tobramycin	gpa_expr	2	32	0.643639174035035	80	5	281	19	0.958065040309741	FALSE
Tobramycin	gpa_expr	1	64	0.713927753572156	179	11	182	13	0.958065040309741	FALSE
Tobramycin	gpa_expr	0.5	128	0.958065040309741	276	15	85	9	0.958065040309741	FALSE
Tobramycin	gpa_expr	0.25	256	0.824077802350033	328	21	33	3	0.958065040309741	FALSE
Tobramycin	gpa_expr	0.125	512	0.689117485032994	344	23	17	1	0.958065040309741	FALSE
Ceftazidim	gpa_snps	8	32	5.72188757534676e-09	9	47	107	73	2.86094378767338e-08	TRUE
Ceftazidim	gpa_snps	4	64	0.000341974503509404	45	74	71	46	0.000427468129386756	FALSE
Ceftazidim	gpa_snps	2	128	0.0459539294795094	83	98	33	22	0.0459539294795094	FALSE
Ceftazidim	gpa_snps	1	256	5.32565027842204e-08	88	118	28	2	1.33141256960551e-07	FALSE
Ceftazidim	gpa_snps	0.5	512	1.35705608630367e-06	98	120	18	0	2.26176014383945e-06	FALSE
Ciprofloxacin	gpa_snps	1	4	0.0014915903789436	44	15	242	25	0.0019887871719248	FALSE
Ciprofloxacin	gpa_snps	0.5	8	5.19169995955256e-09	83	31	203	9	2.07667998382103e-08	TRUE
Ciprofloxacin	gpa_snps	0.25	16	1.23350376571589e-05	151	35	135	5	2.46700753143178e-05	FALSE
Ciprofloxacin	gpa_snps	0.125	32	0.0344872204006744	238	38	48	2	0.0344872204006744	FALSE
Meropenem	gpa_snps	2	8	0.0352894343774102	70	17	205	25	0.0588157239623503	FALSE
Meropenem	gpa_snps	1	16	0.00941175321905793	147	31	128	11	0.0470587660952897	TRUE
Meropenem	gpa_snps	0.5	32	0.0326764172641907	196	36	79	6	0.0588157239623503	FALSE
Meropenem	gpa_snps	0.25	64	0.0573613099077806	235	40	40	2	0.0717016373847257	FALSE
Meropenem	gpa_snps	0.125	128	0.143388324439959	252	41	23	1	0.143388324439959	FALSE
Tobramycin	gpa_snps	4	16	0.0216488293402305	13	5	323	31	0.129892976041383	FALSE
Tobramycin	gpa_snps	2	32	0.378117263001234	72	9	264	27	0.999186889210085	FALSE
Tobramycin	gpa_snps	1	64	0.800189857371786	169	16	167	20	0.999186889210085	FALSE
Tobramycin	gpa_snps	0.5	128	0.999186889210085	265	20	71	16	0.999186889210085	FALSE
Tobramycin	gpa_snps	0.25	256	0.971097995859758	309	30	27	6	0.999186889210085	FALSE
Tobramycin	gpa_snps	0.125	512	0.779670464056123	321	34	15	2	0.999186889210085	FALSE
Ceftazidim	gpa	8	32	8.3429979502422e-05	20	41	112	70	0.00013904996583737	FALSE
Ceftazidim	gpa	4	64	0.00028716058672611	53	70	79	41	0.00028716058672611	FALSE
Ceftazidim	gpa	2	128	0.000232849097074445	88	96	44	15	0.00028716058672611	FALSE
Ceftazidim	gpa	1	256	6.7798940672936e-08	103	110	29	1	3.3899470336468e-07	TRUE
Ceftazidim	gpa	0.5	512	9.60371456607471e-06	114	111	18	0	2.40092864151868e-05	FALSE
Ciprofloxacin	gpa	1	4	0.000162843487358204	26	26	185	56	0.000325686974716408	FALSE
Ciprofloxacin	gpa	0.5	8	1.64903389615498e-07	54	48	157	34	6.59613558461993e-07	TRUE
Ciprofloxacin	gpa	0.25	16	0.000329837104019933	107	60	104	22	0.000439782805359911	FALSE
Ciprofloxacin	gpa	0.125	32	0.745098109370025	182	69	29	13	0.745098109370025	FALSE
Meropenem	gpa	2	8	0.0306080828722873	67	18	201	27	0.054531486902455	FALSE
Meropenem	gpa	1	16	0.00773679190173615	142	33	126	12	0.0386839595086807	TRUE
Meropenem	gpa	0.5	32	0.043625189521964	191	38	77	7	0.054531486902455	FALSE
Meropenem	gpa	0.25	64	0.0373778939164573	228	43	40	2	0.054531486902455	FALSE
Meropenem	gpa	0.125	128	0.111481146759011	245	44	23	1	0.111481146759011	FALSE
Tobramycin	gpa	4	16	0.0143169615432892	13	5	330	28	0.085901769259735	TRUE
Tobramycin	gpa	2	32	0.261832783708123	72	9	271	24	0.778033245160102	FALSE
Tobramycin	gpa	1	64	0.448764245832064	167	17	176	16	0.778033245160102	FALSE
Tobramycin	gpa	0.5	128	0.923217470514375	262	22	81	11	0.923217470514375	FALSE
Tobramycin	gpa	0.25	256	0.819656797974139	312	29	31	4	0.923217470514375	FALSE
Tobramycin	gpa	0.125	512	0.518688830106735	326	32	17	1	0.778033245160102	FALSE
Ceftazidim	snps	8	32	1.1584308469809e-05	14	46	97	78	1.9307180783015e-05	FALSE
Ceftazidim	snps	4	64	0.00169387805817914	45	75	66	49	0.00170735155158672	FALSE
Ceftazidim	snps	2	128	0.00170735155158672	74	104	37	20	0.00170735155158672	FALSE
Ceftazidim	snps	1	256	4.83605153895692e-07	85	121	26	3	1.55509408690779e-06	TRUE
Ceftazidim	snps	0.5	512	6.22037634763115e-07	93	124	18	0	1.55509408690779e-06	TRUE
Ciprofloxacin	snps	1	4	0.000698067450428158	44	15	247	23	0.000930756600570878	FALSE
Ciprofloxacin	snps	0.5	8	4.65674134120398e-10	84	31	207	7	1.86269653648159e-09	TRUE
Ciprofloxacin	snps	0.25	16	5.81155112549332e-07	152	35	139	3	1.16231022509866e-06	FALSE
Ciprofloxacin	snps	0.125	32	0.000934523322753964	239	38	52	0	0.000934523322753964	FALSE
Meropenem	snps	2	8	0.00250757140577449	15	46	81	96	0.00250757140577449	FALSE
Meropenem	snps	1	16	0.00128363166843833	41	90	55	52	0.00160453958554791	FALSE
Meropenem	snps	0.5	32	1.25516951965442e-10	45	122	51	20	6.27584759827211e-10	TRUE
Meropenem	snps	0.25	64	5.04235158257472e-09	65	136	31	6	1.09166304996389e-08	FALSE
Meropenem	snps	0.125	128	6.54997829978334e-09	74	141	22	1	1.09166304996389e-08	FALSE
Tobramycin	snps	4	16	0.0987924823770358	15	4	322	32	0.592754894262215	FALSE
Tobramycin	snps	2	32	0.37466838944167	72	9	265	27	0.990088993674278	FALSE
Tobramycin	snps	1	64	0.94880299111996	174	14	163	22	0.990088993674278	FALSE
Tobramycin	snps	0.5	128	0.990088993674278	262	22	75	14	0.990088993674278	FALSE
Tobramycin	snps	0.25	256	0.971486143375464	310	30	27	6	0.990088993674278	FALSE
Tobramycin	snps	0.125	512	0.78087615734649	322	34	15	2	0.990088993674278	FALSE
